*Layer,SolderJoint
Location,0,0,0
Length,6.6550000000064,5.255000000012
Thickness,0.1
MeshGenerationType,Solid,Tetra
MeshPath,PackageMesh
MeshSizeInPlane,0.1
NumberofElementinThickness,5
MaterialID,1
SurfaceTension,480.0
Cylinder,-2.90500054,2.20000068,0.12500102
Cylinder,-2.4900000999999996,2.20000068,0.12500102
Cylinder,-2.07499966,2.20000068,0.12500102
Cylinder,-1.65999922,2.20000068,0.12500102
Cylinder,-1.24499878,2.20000068,0.12500102
Cylinder,-0.83000088,2.20000068,0.12500102
Cylinder,-0.41500044,2.20000068,0.12500102
Cylinder,0.0,2.20000068,0.12500102
Cylinder,0.41500044,2.20000068,0.12500102
Cylinder,0.83000088,2.20000068,0.12500102
Cylinder,1.24499878,2.20000068,0.12500102
Cylinder,1.65999922,2.20000068,0.12500102
Cylinder,2.07499966,2.20000068,0.12500102
Cylinder,2.4900000999999996,2.20000068,0.12500102
Cylinder,2.90500054,2.20000068,0.12500102
Cylinder,-2.90500054,1.75999902,0.12500102
Cylinder,-2.4900000999999996,1.75999902,0.12500102
Cylinder,-2.07499966,1.75999902,0.12500102
Cylinder,-1.65999922,1.75999902,0.12500102
Cylinder,-1.24499878,1.75999902,0.12500102
Cylinder,-0.83000088,1.75999902,0.12500102
Cylinder,-0.41500044,1.75999902,0.12500102
Cylinder,0.0,1.75999902,0.12500102
Cylinder,0.41500044,1.75999902,0.12500102
Cylinder,0.83000088,1.75999902,0.12500102
Cylinder,1.24499878,1.75999902,0.12500102
Cylinder,1.65999922,1.75999902,0.12500102
Cylinder,2.07499966,1.75999902,0.12500102
Cylinder,2.4900000999999996,1.75999902,0.12500102
Cylinder,2.90500054,1.75999902,0.12500102
Cylinder,-2.90500054,1.3199999,0.12500102
Cylinder,-2.4900000999999996,1.3199999,0.12500102
Cylinder,0.0,1.3199999,0.12500102
Cylinder,2.90500054,1.3199999,0.12500102
Cylinder,-2.90500054,0.88000078,0.12500102
Cylinder,-2.4900000999999996,0.88000078,0.12500102
Cylinder,0.0,0.88000078,0.12500102
Cylinder,2.90500054,0.88000078,0.12500102
Cylinder,-2.90500054,0.43999911999999997,0.12500102
Cylinder,-2.4900000999999996,0.43999911999999997,0.12500102
Cylinder,0.0,0.43999911999999997,0.12500102
Cylinder,2.90500054,0.43999911999999997,0.12500102
Cylinder,-2.90500054,0.0,0.12500102
Cylinder,-2.4900000999999996,0.0,0.12500102
Cylinder,-2.07499966,0.0,0.12500102
Cylinder,-1.65999922,0.0,0.12500102
Cylinder,-1.24499878,0.0,0.12500102
Cylinder,-0.83000088,0.0,0.12500102
Cylinder,-0.41500044,0.0,0.12500102
Cylinder,0.0,0.0,0.12500102
Cylinder,2.90500054,0.0,0.12500102
Cylinder,-2.90500054,-0.43999911999999997,0.12500102
Cylinder,-2.4900000999999996,-0.43999911999999997,0.12500102
Cylinder,0.0,-0.43999911999999997,0.12500102
Cylinder,2.07499966,-0.43999911999999997,0.12500102
Cylinder,2.4900000999999996,-0.43999911999999997,0.12500102
Cylinder,2.90500054,-0.43999911999999997,0.12500102
Cylinder,-2.90500054,-0.88000078,0.12500102
Cylinder,-2.4900000999999996,-0.88000078,0.12500102
Cylinder,0.0,-0.88000078,0.12500102
Cylinder,2.07499966,-0.88000078,0.12500102
Cylinder,2.4900000999999996,-0.88000078,0.12500102
Cylinder,2.90500054,-0.88000078,0.12500102
Cylinder,-2.90500054,-1.3199999,0.12500102
Cylinder,-2.4900000999999996,-1.3199999,0.12500102
Cylinder,0.0,-1.3199999,0.12500102
Cylinder,0.41500044,-1.3199999,0.12500102
Cylinder,0.83000088,-1.3199999,0.12500102
Cylinder,1.24499878,-1.3199999,0.12500102
Cylinder,1.65999922,-1.3199999,0.12500102
Cylinder,2.07499966,-1.3199999,0.12500102
Cylinder,2.4900000999999996,-1.3199999,0.12500102
Cylinder,2.90500054,-1.3199999,0.12500102
Cylinder,-2.90500054,-1.75999902,0.12500102
Cylinder,-2.4900000999999996,-1.75999902,0.12500102
Cylinder,-2.07499966,-1.75999902,0.12500102
Cylinder,-1.65999922,-1.75999902,0.12500102
Cylinder,-1.24499878,-1.75999902,0.12500102
Cylinder,-0.83000088,-1.75999902,0.12500102
Cylinder,-0.41500044,-1.75999902,0.12500102
Cylinder,0.0,-1.75999902,0.12500102
Cylinder,0.41500044,-1.75999902,0.12500102
Cylinder,0.83000088,-1.75999902,0.12500102
Cylinder,1.24499878,-1.75999902,0.12500102
Cylinder,1.65999922,-1.75999902,0.12500102
Cylinder,2.07499966,-1.75999902,0.12500102
Cylinder,2.4900000999999996,-1.75999902,0.12500102
Cylinder,2.90500054,-1.75999902,0.12500102
Cylinder,-2.90500054,-2.20000068,0.12500102
Cylinder,-2.4900000999999996,-2.20000068,0.12500102
Cylinder,-2.07499966,-2.20000068,0.12500102
Cylinder,-1.65999922,-2.20000068,0.12500102
Cylinder,-1.24499878,-2.20000068,0.12500102
Cylinder,-0.83000088,-2.20000068,0.12500102
Cylinder,-0.41500044,-2.20000068,0.12500102
Cylinder,0.0,-2.20000068,0.12500102
Cylinder,0.41500044,-2.20000068,0.12500102
Cylinder,0.83000088,-2.20000068,0.12500102
Cylinder,1.24499878,-2.20000068,0.12500102
Cylinder,1.65999922,-2.20000068,0.12500102
Cylinder,2.07499966,-2.20000068,0.12500102
Cylinder,2.4900000999999996,-2.20000068,0.12500102
Cylinder,2.90500054,-2.20000068,0.12500102
*Layer,Package
Location,0,0
Length,6.6550000000064,5.255000000012
Thickness,0.5
MeshGenerationType,Solid,Hexa
MeshPath,PackageMesh
NumberofElementinXDirection,20
NumberofElementinYDirection,20
NumberofElementinThickness,3
MaterialID,2
*Material
Material.txt
*End