*Layer,SolderJoint
Location,0,0,0
Length,5.255000000012,5.255000000012
Thickness,0.1
MeshGenerationType,Solid,Tetra
MeshPath,PackageMesh
MeshSizeInPlane,0.1
NumberofElementinThickness,5
MaterialID,1
SurfaceTension,480.0
Cylinder,-2.0000010799999997,2.0000010799999997,0.12500102
Cylinder,-1.5999993399999999,2.0000010799999997,0.12500102
Cylinder,-1.2000001399999998,2.0000010799999997,0.12500102
Cylinder,-0.8000009399999999,2.0000010799999997,0.12500102
Cylinder,-0.3999992,2.0000010799999997,0.12500102
Cylinder,0.0,2.0000010799999997,0.12500102
Cylinder,0.3999992,2.0000010799999997,0.12500102
Cylinder,0.8000009399999999,2.0000010799999997,0.12500102
Cylinder,1.2000001399999998,2.0000010799999997,0.12500102
Cylinder,1.5999993399999999,2.0000010799999997,0.12500102
Cylinder,2.0000010799999997,2.0000010799999997,0.12500102
Cylinder,-2.0000010799999997,1.5999993399999999,0.12500102
Cylinder,-1.5999993399999999,1.5999993399999999,0.12500102
Cylinder,-1.2000001399999998,1.5999993399999999,0.12500102
Cylinder,-0.8000009399999999,1.5999993399999999,0.12500102
Cylinder,-0.3999992,1.5999993399999999,0.12500102
Cylinder,0.0,1.5999993399999999,0.12500102
Cylinder,0.3999992,1.5999993399999999,0.12500102
Cylinder,0.8000009399999999,1.5999993399999999,0.12500102
Cylinder,1.2000001399999998,1.5999993399999999,0.12500102
Cylinder,1.5999993399999999,1.5999993399999999,0.12500102
Cylinder,2.0000010799999997,1.5999993399999999,0.12500102
Cylinder,-2.0000010799999997,1.2000001399999998,0.12500102
Cylinder,-1.5999993399999999,1.2000001399999998,0.12500102
Cylinder,-1.2000001399999998,1.2000001399999998,0.12500102
Cylinder,-0.8000009399999999,1.2000001399999998,0.12500102
Cylinder,-0.3999992,1.2000001399999998,0.12500102
Cylinder,0.0,1.2000001399999998,0.12500102
Cylinder,0.3999992,1.2000001399999998,0.12500102
Cylinder,0.8000009399999999,1.2000001399999998,0.12500102
Cylinder,1.2000001399999998,1.2000001399999998,0.12500102
Cylinder,1.5999993399999999,1.2000001399999998,0.12500102
Cylinder,2.0000010799999997,1.2000001399999998,0.12500102
Cylinder,-2.0000010799999997,0.8000009399999999,0.12500102
Cylinder,-1.5999993399999999,0.8000009399999999,0.12500102
Cylinder,-1.2000001399999998,0.8000009399999999,0.12500102
Cylinder,-0.8000009399999999,0.8000009399999999,0.12500102
Cylinder,-0.3999992,0.8000009399999999,0.12500102
Cylinder,0.0,0.8000009399999999,0.12500102
Cylinder,0.3999992,0.8000009399999999,0.12500102
Cylinder,0.8000009399999999,0.8000009399999999,0.12500102
Cylinder,1.2000001399999998,0.8000009399999999,0.12500102
Cylinder,1.5999993399999999,0.8000009399999999,0.12500102
Cylinder,2.0000010799999997,0.8000009399999999,0.12500102
Cylinder,-2.0000010799999997,0.3999992,0.12500102
Cylinder,-1.5999993399999999,0.3999992,0.12500102
Cylinder,-1.2000001399999998,0.3999992,0.12500102
Cylinder,-0.8000009399999999,0.3999992,0.12500102
Cylinder,0.8000009399999999,0.3999992,0.12500102
Cylinder,1.2000001399999998,0.3999992,0.12500102
Cylinder,1.5999993399999999,0.3999992,0.12500102
Cylinder,2.0000010799999997,0.3999992,0.12500102
Cylinder,-2.0000010799999997,0.0,0.12500102
Cylinder,-1.5999993399999999,0.0,0.12500102
Cylinder,-1.2000001399999998,0.0,0.12500102
Cylinder,-0.8000009399999999,0.0,0.12500102
Cylinder,0.8000009399999999,0.0,0.12500102
Cylinder,1.2000001399999998,0.0,0.12500102
Cylinder,1.5999993399999999,0.0,0.12500102
Cylinder,2.0000010799999997,0.0,0.12500102
Cylinder,-2.0000010799999997,-0.3999992,0.12500102
Cylinder,-1.5999993399999999,-0.3999992,0.12500102
Cylinder,-1.2000001399999998,-0.3999992,0.12500102
Cylinder,-0.8000009399999999,-0.3999992,0.12500102
Cylinder,0.8000009399999999,-0.3999992,0.12500102
Cylinder,1.2000001399999998,-0.3999992,0.12500102
Cylinder,1.5999993399999999,-0.3999992,0.12500102
Cylinder,2.0000010799999997,-0.3999992,0.12500102
Cylinder,-2.0000010799999997,-0.8000009399999999,0.12500102
Cylinder,-1.5999993399999999,-0.8000009399999999,0.12500102
Cylinder,-1.2000001399999998,-0.8000009399999999,0.12500102
Cylinder,-0.8000009399999999,-0.8000009399999999,0.12500102
Cylinder,-0.3999992,-0.8000009399999999,0.12500102
Cylinder,0.0,-0.8000009399999999,0.12500102
Cylinder,0.3999992,-0.8000009399999999,0.12500102
Cylinder,0.8000009399999999,-0.8000009399999999,0.12500102
Cylinder,1.2000001399999998,-0.8000009399999999,0.12500102
Cylinder,1.5999993399999999,-0.8000009399999999,0.12500102
Cylinder,2.0000010799999997,-0.8000009399999999,0.12500102
Cylinder,-2.0000010799999997,-1.2000001399999998,0.12500102
Cylinder,-1.5999993399999999,-1.2000001399999998,0.12500102
Cylinder,-1.2000001399999998,-1.2000001399999998,0.12500102
Cylinder,-0.8000009399999999,-1.2000001399999998,0.12500102
Cylinder,-0.3999992,-1.2000001399999998,0.12500102
Cylinder,0.0,-1.2000001399999998,0.12500102
Cylinder,0.3999992,-1.2000001399999998,0.12500102
Cylinder,0.8000009399999999,-1.2000001399999998,0.12500102
Cylinder,1.2000001399999998,-1.2000001399999998,0.12500102
Cylinder,1.5999993399999999,-1.2000001399999998,0.12500102
Cylinder,2.0000010799999997,-1.2000001399999998,0.12500102
Cylinder,-2.0000010799999997,-1.5999993399999999,0.12500102
Cylinder,-1.5999993399999999,-1.5999993399999999,0.12500102
Cylinder,-1.2000001399999998,-1.5999993399999999,0.12500102
Cylinder,-0.8000009399999999,-1.5999993399999999,0.12500102
Cylinder,-0.3999992,-1.5999993399999999,0.12500102
Cylinder,0.0,-1.5999993399999999,0.12500102
Cylinder,0.3999992,-1.5999993399999999,0.12500102
Cylinder,0.8000009399999999,-1.5999993399999999,0.12500102
Cylinder,1.2000001399999998,-1.5999993399999999,0.12500102
Cylinder,1.5999993399999999,-1.5999993399999999,0.12500102
Cylinder,2.0000010799999997,-1.5999993399999999,0.12500102
Cylinder,-2.0000010799999997,-2.0000010799999997,0.12500102
Cylinder,-1.5999993399999999,-2.0000010799999997,0.12500102
Cylinder,-1.2000001399999998,-2.0000010799999997,0.12500102
Cylinder,-0.8000009399999999,-2.0000010799999997,0.12500102
Cylinder,-0.3999992,-2.0000010799999997,0.12500102
Cylinder,0.0,-2.0000010799999997,0.12500102
Cylinder,0.3999992,-2.0000010799999997,0.12500102
Cylinder,0.8000009399999999,-2.0000010799999997,0.12500102
Cylinder,1.2000001399999998,-2.0000010799999997,0.12500102
Cylinder,1.5999993399999999,-2.0000010799999997,0.12500102
Cylinder,2.0000010799999997,-2.0000010799999997,0.12500102
*Layer,Package
Location,0,0
Length,5.255000000012,5.255000000012
Thickness,0.5
MeshGenerationType,Solid,Hexa
MeshPath,PackageMesh
NumberofElementinXDirection,20
NumberofElementinYDirection,20
NumberofElementinThickness,3
MaterialID,2
*Material
Material.txt
*End