*Translation,20.345001219999997,1.01000052,0.3910000000000001
*Rotation,90
*Mirror,False
*IsTop,True
*Layer,SolderJointWarpage,SolderJointWarped
Location,0,0,0.0
Length,7.255e+00,6.055e+00
Thickness,8.000e-02
MeshGenerationType,Solid,Tetra
MeshPath,PackageMesh
MeshSizeInPlane,0.1
NumberofElementinThickness,5
MaterialID,1
DetailSolder,True
MisalignmentAngle,0,0.0
SurfaceTension,480.0
SMD,PIN1,-3.200e+00,2.600e+00,1.200e-01,-3.200e+00,2.600e+00,1.200e-01,1.800e-01,0.01,0.01,None
SMD,PIN2,-2.800e+00,2.600e+00,1.200e-01,-2.800e+00,2.600e+00,1.200e-01,1.800e-01,0.01,0.01,None
SMD,PIN3,-2.400e+00,2.600e+00,1.200e-01,-2.400e+00,2.600e+00,1.200e-01,1.800e-01,0.01,0.01,None
SMD,PIN4,-2.000e+00,2.600e+00,1.200e-01,-2.000e+00,2.600e+00,1.200e-01,1.800e-01,0.01,0.01,None
SMD,PIN5,-1.600e+00,2.600e+00,1.200e-01,-1.600e+00,2.600e+00,1.200e-01,1.800e-01,0.01,0.01,None
SMD,PIN6,-1.200e+00,2.600e+00,1.200e-01,-1.200e+00,2.600e+00,1.200e-01,1.800e-01,0.01,0.01,None
SMD,PIN7,-8.000e-01,2.600e+00,1.200e-01,-8.000e-01,2.600e+00,1.200e-01,1.800e-01,0.01,0.01,None
SMD,PIN8,-4.000e-01,2.600e+00,1.200e-01,-4.000e-01,2.600e+00,1.200e-01,1.800e-01,0.01,0.01,None
SMD,PIN9,0.000e+00,2.600e+00,1.200e-01,0.000e+00,2.600e+00,1.200e-01,1.800e-01,0.01,0.01,None
SMD,PIN10,4.000e-01,2.600e+00,1.200e-01,4.000e-01,2.600e+00,1.200e-01,1.800e-01,0.01,0.01,None
SMD,PIN11,8.000e-01,2.600e+00,1.200e-01,8.000e-01,2.600e+00,1.200e-01,1.800e-01,0.01,0.01,None
SMD,PIN12,1.200e+00,2.600e+00,1.200e-01,1.200e+00,2.600e+00,1.200e-01,1.800e-01,0.01,0.01,None
SMD,PIN13,1.600e+00,2.600e+00,1.200e-01,1.600e+00,2.600e+00,1.200e-01,1.800e-01,0.01,0.01,None
SMD,PIN14,2.000e+00,2.600e+00,1.200e-01,2.000e+00,2.600e+00,1.200e-01,1.800e-01,0.01,0.01,None
SMD,PIN15,2.400e+00,2.600e+00,1.200e-01,2.400e+00,2.600e+00,1.200e-01,1.800e-01,0.01,0.01,None
SMD,PIN16,2.800e+00,2.600e+00,1.200e-01,2.800e+00,2.600e+00,1.200e-01,1.800e-01,0.01,0.01,None
SMD,PIN17,3.200e+00,2.600e+00,1.200e-01,3.200e+00,2.600e+00,1.200e-01,1.800e-01,0.01,0.01,None
SMD,PIN18,-3.200e+00,2.200e+00,1.200e-01,-3.200e+00,2.200e+00,1.200e-01,1.800e-01,0.01,0.01,None
SMD,PIN19,-2.800e+00,2.200e+00,1.200e-01,-2.800e+00,2.200e+00,1.200e-01,1.800e-01,0.01,0.01,None
SMD,PIN20,-2.400e+00,2.200e+00,1.200e-01,-2.400e+00,2.200e+00,1.200e-01,1.800e-01,0.01,0.01,None
SMD,PIN21,-2.000e+00,2.200e+00,1.200e-01,-2.000e+00,2.200e+00,1.200e-01,1.800e-01,0.01,0.01,None
SMD,PIN22,-1.600e+00,2.200e+00,1.200e-01,-1.600e+00,2.200e+00,1.200e-01,1.800e-01,0.01,0.01,None
SMD,PIN23,-1.200e+00,2.200e+00,1.200e-01,-1.200e+00,2.200e+00,1.200e-01,1.800e-01,0.01,0.01,None
SMD,PIN24,-8.000e-01,2.200e+00,1.200e-01,-8.000e-01,2.200e+00,1.200e-01,1.800e-01,0.01,0.01,None
SMD,PIN25,-4.000e-01,2.200e+00,1.200e-01,-4.000e-01,2.200e+00,1.200e-01,1.800e-01,0.01,0.01,None
SMD,PIN26,0.000e+00,2.200e+00,1.200e-01,0.000e+00,2.200e+00,1.200e-01,1.800e-01,0.01,0.01,None
SMD,PIN27,4.000e-01,2.200e+00,1.200e-01,4.000e-01,2.200e+00,1.200e-01,1.800e-01,0.01,0.01,None
SMD,PIN28,8.000e-01,2.200e+00,1.200e-01,8.000e-01,2.200e+00,1.200e-01,1.800e-01,0.01,0.01,None
SMD,PIN29,1.200e+00,2.200e+00,1.200e-01,1.200e+00,2.200e+00,1.200e-01,1.800e-01,0.01,0.01,None
SMD,PIN30,1.600e+00,2.200e+00,1.200e-01,1.600e+00,2.200e+00,1.200e-01,1.800e-01,0.01,0.01,None
SMD,PIN31,2.000e+00,2.200e+00,1.200e-01,2.000e+00,2.200e+00,1.200e-01,1.800e-01,0.01,0.01,None
SMD,PIN32,2.400e+00,2.200e+00,1.200e-01,2.400e+00,2.200e+00,1.200e-01,1.800e-01,0.01,0.01,None
SMD,PIN33,2.800e+00,2.200e+00,1.200e-01,2.800e+00,2.200e+00,1.200e-01,1.800e-01,0.01,0.01,None
SMD,PIN34,3.200e+00,2.200e+00,1.200e-01,3.200e+00,2.200e+00,1.200e-01,1.800e-01,0.01,0.01,None
SMD,PIN35,-3.200e+00,1.800e+00,1.200e-01,-3.200e+00,1.800e+00,1.200e-01,1.800e-01,0.01,0.01,None
SMD,PIN36,-2.800e+00,1.800e+00,1.200e-01,-2.800e+00,1.800e+00,1.200e-01,1.800e-01,0.01,0.01,None
SMD,PIN37,4.000e-01,1.800e+00,1.200e-01,4.000e-01,1.800e+00,1.200e-01,1.800e-01,0.01,0.01,None
SMD,PIN38,8.000e-01,1.800e+00,1.200e-01,8.000e-01,1.800e+00,1.200e-01,1.800e-01,0.01,0.01,None
SMD,PIN39,1.200e+00,1.800e+00,1.200e-01,1.200e+00,1.800e+00,1.200e-01,1.800e-01,0.01,0.01,None
SMD,PIN40,1.600e+00,1.800e+00,1.200e-01,1.600e+00,1.800e+00,1.200e-01,1.800e-01,0.01,0.01,None
SMD,PIN41,2.000e+00,1.800e+00,1.200e-01,2.000e+00,1.800e+00,1.200e-01,1.800e-01,0.01,0.01,None
SMD,PIN42,2.400e+00,1.800e+00,1.200e-01,2.400e+00,1.800e+00,1.200e-01,1.800e-01,0.01,0.01,None
SMD,PIN43,2.800e+00,1.800e+00,1.200e-01,2.800e+00,1.800e+00,1.200e-01,1.800e-01,0.01,0.01,None
SMD,PIN44,3.200e+00,1.800e+00,1.200e-01,3.200e+00,1.800e+00,1.200e-01,1.800e-01,0.01,0.01,None
SMD,PIN45,-3.200e+00,1.400e+00,1.200e-01,-3.200e+00,1.400e+00,1.200e-01,1.800e-01,0.01,0.01,None
SMD,PIN46,-2.800e+00,1.400e+00,1.200e-01,-2.800e+00,1.400e+00,1.200e-01,1.800e-01,0.01,0.01,None
SMD,PIN47,4.000e-01,1.400e+00,1.200e-01,4.000e-01,1.400e+00,1.200e-01,1.800e-01,0.01,0.01,None
SMD,PIN48,8.000e-01,1.400e+00,1.200e-01,8.000e-01,1.400e+00,1.200e-01,1.800e-01,0.01,0.01,None
SMD,PIN49,1.200e+00,1.400e+00,1.200e-01,1.200e+00,1.400e+00,1.200e-01,1.800e-01,0.01,0.01,None
SMD,PIN50,1.600e+00,1.400e+00,1.200e-01,1.600e+00,1.400e+00,1.200e-01,1.800e-01,0.01,0.01,None
SMD,PIN51,2.000e+00,1.400e+00,1.200e-01,2.000e+00,1.400e+00,1.200e-01,1.800e-01,0.01,0.01,None
SMD,PIN52,2.400e+00,1.400e+00,1.200e-01,2.400e+00,1.400e+00,1.200e-01,1.800e-01,0.01,0.01,None
SMD,PIN53,2.800e+00,1.400e+00,1.200e-01,2.800e+00,1.400e+00,1.200e-01,1.800e-01,0.01,0.01,None
SMD,PIN54,3.200e+00,1.400e+00,1.200e-01,3.200e+00,1.400e+00,1.200e-01,1.800e-01,0.01,0.01,None
SMD,PIN55,-3.200e+00,1.000e+00,1.200e-01,-3.200e+00,1.000e+00,1.200e-01,1.800e-01,0.01,0.01,None
SMD,PIN56,-2.800e+00,1.000e+00,1.200e-01,-2.800e+00,1.000e+00,1.200e-01,1.800e-01,0.01,0.01,None
SMD,PIN57,4.000e-01,1.000e+00,1.200e-01,4.000e-01,1.000e+00,1.200e-01,1.800e-01,0.01,0.01,None
SMD,PIN58,8.000e-01,1.000e+00,1.200e-01,8.000e-01,1.000e+00,1.200e-01,1.800e-01,0.01,0.01,None
SMD,PIN59,1.200e+00,1.000e+00,1.200e-01,1.200e+00,1.000e+00,1.200e-01,1.800e-01,0.01,0.01,None
SMD,PIN60,1.600e+00,1.000e+00,1.200e-01,1.600e+00,1.000e+00,1.200e-01,1.800e-01,0.01,0.01,None
SMD,PIN61,2.000e+00,1.000e+00,1.200e-01,2.000e+00,1.000e+00,1.200e-01,1.800e-01,0.01,0.01,None
SMD,PIN62,2.400e+00,1.000e+00,1.200e-01,2.400e+00,1.000e+00,1.200e-01,1.800e-01,0.01,0.01,None
SMD,PIN63,2.800e+00,1.000e+00,1.200e-01,2.800e+00,1.000e+00,1.200e-01,1.800e-01,0.01,0.01,None
SMD,PIN64,3.200e+00,1.000e+00,1.200e-01,3.200e+00,1.000e+00,1.200e-01,1.800e-01,0.01,0.01,None
SMD,PIN65,-3.200e+00,6.000e-01,1.200e-01,-3.200e+00,6.000e-01,1.200e-01,1.800e-01,0.01,0.01,None
SMD,PIN66,-2.800e+00,6.000e-01,1.200e-01,-2.800e+00,6.000e-01,1.200e-01,1.800e-01,0.01,0.01,None
SMD,PIN67,4.000e-01,6.000e-01,1.200e-01,4.000e-01,6.000e-01,1.200e-01,1.800e-01,0.01,0.01,None
SMD,PIN68,2.800e+00,6.000e-01,1.200e-01,2.800e+00,6.000e-01,1.200e-01,1.800e-01,0.01,0.01,None
SMD,PIN69,3.200e+00,6.000e-01,1.200e-01,3.200e+00,6.000e-01,1.200e-01,1.800e-01,0.01,0.01,None
SMD,PIN70,-3.200e+00,2.000e-01,1.200e-01,-3.200e+00,2.000e-01,1.200e-01,1.800e-01,0.01,0.01,None
SMD,PIN71,-2.800e+00,2.000e-01,1.200e-01,-2.800e+00,2.000e-01,1.200e-01,1.800e-01,0.01,0.01,None
SMD,PIN72,-2.400e+00,2.000e-01,1.200e-01,-2.400e+00,2.000e-01,1.200e-01,1.800e-01,0.01,0.01,None
SMD,PIN73,-2.000e+00,2.000e-01,1.200e-01,-2.000e+00,2.000e-01,1.200e-01,1.800e-01,0.01,0.01,None
SMD,PIN74,-1.600e+00,2.000e-01,1.200e-01,-1.600e+00,2.000e-01,1.200e-01,1.800e-01,0.01,0.01,None
SMD,PIN75,-1.200e+00,2.000e-01,1.200e-01,-1.200e+00,2.000e-01,1.200e-01,1.800e-01,0.01,0.01,None
SMD,PIN76,-8.000e-01,2.000e-01,1.200e-01,-8.000e-01,2.000e-01,1.200e-01,1.800e-01,0.01,0.01,None
SMD,PIN77,-4.000e-01,2.000e-01,1.200e-01,-4.000e-01,2.000e-01,1.200e-01,1.800e-01,0.01,0.01,None
SMD,PIN78,0.000e+00,2.000e-01,1.200e-01,0.000e+00,2.000e-01,1.200e-01,1.800e-01,0.01,0.01,None
SMD,PIN79,4.000e-01,2.000e-01,1.200e-01,4.000e-01,2.000e-01,1.200e-01,1.800e-01,0.01,0.01,None
SMD,PIN80,2.800e+00,2.000e-01,1.200e-01,2.800e+00,2.000e-01,1.200e-01,1.800e-01,0.01,0.01,None
SMD,PIN81,3.200e+00,2.000e-01,1.200e-01,3.200e+00,2.000e-01,1.200e-01,1.800e-01,0.01,0.01,None
SMD,PIN82,-3.200e+00,-2.000e-01,1.200e-01,-3.200e+00,-2.000e-01,1.200e-01,1.800e-01,0.01,0.01,None
SMD,PIN83,-2.800e+00,-2.000e-01,1.200e-01,-2.800e+00,-2.000e-01,1.200e-01,1.800e-01,0.01,0.01,None
SMD,PIN84,-2.400e+00,-2.000e-01,1.200e-01,-2.400e+00,-2.000e-01,1.200e-01,1.800e-01,0.01,0.01,None
SMD,PIN85,-2.000e+00,-2.000e-01,1.200e-01,-2.000e+00,-2.000e-01,1.200e-01,1.800e-01,0.01,0.01,None
SMD,PIN86,-1.600e+00,-2.000e-01,1.200e-01,-1.600e+00,-2.000e-01,1.200e-01,1.800e-01,0.01,0.01,None
SMD,PIN87,-1.200e+00,-2.000e-01,1.200e-01,-1.200e+00,-2.000e-01,1.200e-01,1.800e-01,0.01,0.01,None
SMD,PIN88,-8.000e-01,-2.000e-01,1.200e-01,-8.000e-01,-2.000e-01,1.200e-01,1.800e-01,0.01,0.01,None
SMD,PIN89,-4.000e-01,-2.000e-01,1.200e-01,-4.000e-01,-2.000e-01,1.200e-01,1.800e-01,0.01,0.01,None
SMD,PIN90,0.000e+00,-2.000e-01,1.200e-01,0.000e+00,-2.000e-01,1.200e-01,1.800e-01,0.01,0.01,None
SMD,PIN91,4.000e-01,-2.000e-01,1.200e-01,4.000e-01,-2.000e-01,1.200e-01,1.800e-01,0.01,0.01,None
SMD,PIN92,2.800e+00,-2.000e-01,1.200e-01,2.800e+00,-2.000e-01,1.200e-01,1.800e-01,0.01,0.01,None
SMD,PIN93,3.200e+00,-2.000e-01,1.200e-01,3.200e+00,-2.000e-01,1.200e-01,1.800e-01,0.01,0.01,None
SMD,PIN94,-3.200e+00,-6.000e-01,1.200e-01,-3.200e+00,-6.000e-01,1.200e-01,1.800e-01,0.01,0.01,None
SMD,PIN95,-2.800e+00,-6.000e-01,1.200e-01,-2.800e+00,-6.000e-01,1.200e-01,1.800e-01,0.01,0.01,None
SMD,PIN96,-2.400e+00,-6.000e-01,1.200e-01,-2.400e+00,-6.000e-01,1.200e-01,1.800e-01,0.01,0.01,None
SMD,PIN97,0.000e+00,-6.000e-01,1.200e-01,0.000e+00,-6.000e-01,1.200e-01,1.800e-01,0.01,0.01,None
SMD,PIN98,4.000e-01,-6.000e-01,1.200e-01,4.000e-01,-6.000e-01,1.200e-01,1.800e-01,0.01,0.01,None
SMD,PIN99,2.800e+00,-6.000e-01,1.200e-01,2.800e+00,-6.000e-01,1.200e-01,1.800e-01,0.01,0.01,None
SMD,PIN100,3.200e+00,-6.000e-01,1.200e-01,3.200e+00,-6.000e-01,1.200e-01,1.800e-01,0.01,0.01,None
SMD,PIN101,-3.200e+00,-1.000e+00,1.200e-01,-3.200e+00,-1.000e+00,1.200e-01,1.800e-01,0.01,0.01,None
SMD,PIN102,-2.800e+00,-1.000e+00,1.200e-01,-2.800e+00,-1.000e+00,1.200e-01,1.800e-01,0.01,0.01,None
SMD,PIN103,-2.400e+00,-1.000e+00,1.200e-01,-2.400e+00,-1.000e+00,1.200e-01,1.800e-01,0.01,0.01,None
SMD,PIN104,0.000e+00,-1.000e+00,1.200e-01,0.000e+00,-1.000e+00,1.200e-01,1.800e-01,0.01,0.01,None
SMD,PIN105,4.000e-01,-1.000e+00,1.200e-01,4.000e-01,-1.000e+00,1.200e-01,1.800e-01,0.01,0.01,None
SMD,PIN106,2.800e+00,-1.000e+00,1.200e-01,2.800e+00,-1.000e+00,1.200e-01,1.800e-01,0.01,0.01,None
SMD,PIN107,3.200e+00,-1.000e+00,1.200e-01,3.200e+00,-1.000e+00,1.200e-01,1.800e-01,0.01,0.01,None
SMD,PIN108,-3.200e+00,-1.400e+00,1.200e-01,-3.200e+00,-1.400e+00,1.200e-01,1.800e-01,0.01,0.01,None
SMD,PIN109,-2.800e+00,-1.400e+00,1.200e-01,-2.800e+00,-1.400e+00,1.200e-01,1.800e-01,0.01,0.01,None
SMD,PIN110,-2.400e+00,-1.400e+00,1.200e-01,-2.400e+00,-1.400e+00,1.200e-01,1.800e-01,0.01,0.01,None
SMD,PIN111,0.000e+00,-1.400e+00,1.200e-01,0.000e+00,-1.400e+00,1.200e-01,1.800e-01,0.01,0.01,None
SMD,PIN112,4.000e-01,-1.400e+00,1.200e-01,4.000e-01,-1.400e+00,1.200e-01,1.800e-01,0.01,0.01,None
SMD,PIN113,2.800e+00,-1.400e+00,1.200e-01,2.800e+00,-1.400e+00,1.200e-01,1.800e-01,0.01,0.01,None
SMD,PIN114,3.200e+00,-1.400e+00,1.200e-01,3.200e+00,-1.400e+00,1.200e-01,1.800e-01,0.01,0.01,None
SMD,PIN115,-3.200e+00,-1.800e+00,1.200e-01,-3.200e+00,-1.800e+00,1.200e-01,1.800e-01,0.01,0.01,None
SMD,PIN116,-2.800e+00,-1.800e+00,1.200e-01,-2.800e+00,-1.800e+00,1.200e-01,1.800e-01,0.01,0.01,None
SMD,PIN117,-2.400e+00,-1.800e+00,1.200e-01,-2.400e+00,-1.800e+00,1.200e-01,1.800e-01,0.01,0.01,None
SMD,PIN118,-2.000e+00,-1.800e+00,1.200e-01,-2.000e+00,-1.800e+00,1.200e-01,1.800e-01,0.01,0.01,None
SMD,PIN119,-1.600e+00,-1.800e+00,1.200e-01,-1.600e+00,-1.800e+00,1.200e-01,1.800e-01,0.01,0.01,None
SMD,PIN120,-1.200e+00,-1.800e+00,1.200e-01,-1.200e+00,-1.800e+00,1.200e-01,1.800e-01,0.01,0.01,None
SMD,PIN121,-8.000e-01,-1.800e+00,1.200e-01,-8.000e-01,-1.800e+00,1.200e-01,1.800e-01,0.01,0.01,None
SMD,PIN122,-4.000e-01,-1.800e+00,1.200e-01,-4.000e-01,-1.800e+00,1.200e-01,1.800e-01,0.01,0.01,None
SMD,PIN123,0.000e+00,-1.800e+00,1.200e-01,0.000e+00,-1.800e+00,1.200e-01,1.800e-01,0.01,0.01,None
SMD,PIN124,4.000e-01,-1.800e+00,1.200e-01,4.000e-01,-1.800e+00,1.200e-01,1.800e-01,0.01,0.01,None
SMD,PIN125,2.800e+00,-1.800e+00,1.200e-01,2.800e+00,-1.800e+00,1.200e-01,1.800e-01,0.01,0.01,None
SMD,PIN126,3.200e+00,-1.800e+00,1.200e-01,3.200e+00,-1.800e+00,1.200e-01,1.800e-01,0.01,0.01,None
SMD,PIN127,-3.200e+00,-2.200e+00,1.200e-01,-3.200e+00,-2.200e+00,1.200e-01,1.800e-01,0.01,0.01,None
SMD,PIN128,-2.800e+00,-2.200e+00,1.200e-01,-2.800e+00,-2.200e+00,1.200e-01,1.800e-01,0.01,0.01,None
SMD,PIN129,-2.400e+00,-2.200e+00,1.200e-01,-2.400e+00,-2.200e+00,1.200e-01,1.800e-01,0.01,0.01,None
SMD,PIN130,-2.000e+00,-2.200e+00,1.200e-01,-2.000e+00,-2.200e+00,1.200e-01,1.800e-01,0.01,0.01,None
SMD,PIN131,-1.600e+00,-2.200e+00,1.200e-01,-1.600e+00,-2.200e+00,1.200e-01,1.800e-01,0.01,0.01,None
SMD,PIN132,-1.200e+00,-2.200e+00,1.200e-01,-1.200e+00,-2.200e+00,1.200e-01,1.800e-01,0.01,0.01,None
SMD,PIN133,-8.000e-01,-2.200e+00,1.200e-01,-8.000e-01,-2.200e+00,1.200e-01,1.800e-01,0.01,0.01,None
SMD,PIN134,-4.000e-01,-2.200e+00,1.200e-01,-4.000e-01,-2.200e+00,1.200e-01,1.800e-01,0.01,0.01,None
SMD,PIN135,0.000e+00,-2.200e+00,1.200e-01,0.000e+00,-2.200e+00,1.200e-01,1.800e-01,0.01,0.01,None
SMD,PIN136,4.000e-01,-2.200e+00,1.200e-01,4.000e-01,-2.200e+00,1.200e-01,1.800e-01,0.01,0.01,None
SMD,PIN137,8.000e-01,-2.200e+00,1.200e-01,8.000e-01,-2.200e+00,1.200e-01,1.800e-01,0.01,0.01,None
SMD,PIN138,1.200e+00,-2.200e+00,1.200e-01,1.200e+00,-2.200e+00,1.200e-01,1.800e-01,0.01,0.01,None
SMD,PIN139,1.600e+00,-2.200e+00,1.200e-01,1.600e+00,-2.200e+00,1.200e-01,1.800e-01,0.01,0.01,None
SMD,PIN140,2.000e+00,-2.200e+00,1.200e-01,2.000e+00,-2.200e+00,1.200e-01,1.800e-01,0.01,0.01,None
SMD,PIN141,2.400e+00,-2.200e+00,1.200e-01,2.400e+00,-2.200e+00,1.200e-01,1.800e-01,0.01,0.01,None
SMD,PIN142,2.800e+00,-2.200e+00,1.200e-01,2.800e+00,-2.200e+00,1.200e-01,1.800e-01,0.01,0.01,None
SMD,PIN143,3.200e+00,-2.200e+00,1.200e-01,3.200e+00,-2.200e+00,1.200e-01,1.800e-01,0.01,0.01,None
SMD,PIN144,-3.200e+00,-2.600e+00,1.200e-01,-3.200e+00,-2.600e+00,1.200e-01,1.800e-01,0.01,0.01,None
SMD,PIN145,-2.800e+00,-2.600e+00,1.200e-01,-2.800e+00,-2.600e+00,1.200e-01,1.800e-01,0.01,0.01,None
SMD,PIN146,-2.400e+00,-2.600e+00,1.200e-01,-2.400e+00,-2.600e+00,1.200e-01,1.800e-01,0.01,0.01,None
SMD,PIN147,-2.000e+00,-2.600e+00,1.200e-01,-2.000e+00,-2.600e+00,1.200e-01,1.800e-01,0.01,0.01,None
SMD,PIN148,-1.600e+00,-2.600e+00,1.200e-01,-1.600e+00,-2.600e+00,1.200e-01,1.800e-01,0.01,0.01,None
SMD,PIN149,-1.200e+00,-2.600e+00,1.200e-01,-1.200e+00,-2.600e+00,1.200e-01,1.800e-01,0.01,0.01,None
SMD,PIN150,-8.000e-01,-2.600e+00,1.200e-01,-8.000e-01,-2.600e+00,1.200e-01,1.800e-01,0.01,0.01,None
SMD,PIN151,-4.000e-01,-2.600e+00,1.200e-01,-4.000e-01,-2.600e+00,1.200e-01,1.800e-01,0.01,0.01,None
SMD,PIN152,0.000e+00,-2.600e+00,1.200e-01,0.000e+00,-2.600e+00,1.200e-01,1.800e-01,0.01,0.01,None
SMD,PIN153,4.000e-01,-2.600e+00,1.200e-01,4.000e-01,-2.600e+00,1.200e-01,1.800e-01,0.01,0.01,None
SMD,PIN154,8.000e-01,-2.600e+00,1.200e-01,8.000e-01,-2.600e+00,1.200e-01,1.800e-01,0.01,0.01,None
SMD,PIN155,1.200e+00,-2.600e+00,1.200e-01,1.200e+00,-2.600e+00,1.200e-01,1.800e-01,0.01,0.01,None
SMD,PIN156,1.600e+00,-2.600e+00,1.200e-01,1.600e+00,-2.600e+00,1.200e-01,1.800e-01,0.01,0.01,None
SMD,PIN157,2.000e+00,-2.600e+00,1.200e-01,2.000e+00,-2.600e+00,1.200e-01,1.800e-01,0.01,0.01,None
SMD,PIN158,2.400e+00,-2.600e+00,1.200e-01,2.400e+00,-2.600e+00,1.200e-01,1.800e-01,0.01,0.01,None
SMD,PIN159,2.800e+00,-2.600e+00,1.200e-01,2.800e+00,-2.600e+00,1.200e-01,1.800e-01,0.01,0.01,None
SMD,PIN160,3.200e+00,-2.600e+00,1.200e-01,3.200e+00,-2.600e+00,1.200e-01,1.800e-01,0.01,0.01,None
*Layer,PackageWarpage,Defined
Location,0,0
Thickness,5.000e-01
MeshGenerationType,Solid,Hexa
MeshPath,PackageMesh
MeshSizeInPlane,0.1
NumberofElementinXDirection,20
NumberofElementinYDirection,20
NumberofElementinThickness,3
Part,Polynomial,Solid,1
OB -3.680e+00 2.700e+00 I
OS -3.680e+00 3.080e+00
OS -3.300e+00 3.080e+00
OS -3.300e+00 2.975e+00
OS 3.575e+00 2.975e+00
OS 3.575e+00 -2.975e+00
OS -3.575e+00 -2.975e+00
OS -3.575e+00 2.700e+00
OS -3.680e+00 2.700e+00
OE
MaterialID,2
*Material
Material.txt
*End