*Translation,29.75699916,2.79699974,0.0
*Rotation,270
*Mirror,False
*IsTop,False
*Layer,SolderJointWarpage,SolderJointWarped
Location,0,0,0.0
Length,5.255e+00,5.255e+00
Thickness,8.000e-02
DetailSolder,True
MisalignmentAngle,0,0.0
SurfaceTension,480.0
SMD,PIN1,-2.000e+00,2.000e+00,1.250e-01,-2.000e+00,2.000e+00,1.250e-01,1.875e-01,0.01,0.01,None
SMD,PIN2,-1.600e+00,2.000e+00,1.250e-01,-1.600e+00,2.000e+00,1.250e-01,1.875e-01,0.01,0.01,None
SMD,PIN3,-1.200e+00,2.000e+00,1.250e-01,-1.200e+00,2.000e+00,1.250e-01,1.875e-01,0.01,0.01,None
SMD,PIN4,-8.000e-01,2.000e+00,1.250e-01,-8.000e-01,2.000e+00,1.250e-01,1.875e-01,0.01,0.01,None
SMD,PIN5,-4.000e-01,2.000e+00,1.250e-01,-4.000e-01,2.000e+00,1.250e-01,1.875e-01,0.01,0.01,None
SMD,PIN6,0.000e+00,2.000e+00,1.250e-01,0.000e+00,2.000e+00,1.250e-01,1.875e-01,0.01,0.01,None
SMD,PIN7,4.000e-01,2.000e+00,1.250e-01,4.000e-01,2.000e+00,1.250e-01,1.875e-01,0.01,0.01,None
SMD,PIN8,8.000e-01,2.000e+00,1.250e-01,8.000e-01,2.000e+00,1.250e-01,1.875e-01,0.01,0.01,None
SMD,PIN9,1.200e+00,2.000e+00,1.250e-01,1.200e+00,2.000e+00,1.250e-01,1.875e-01,0.01,0.01,None
SMD,PIN10,1.600e+00,2.000e+00,1.250e-01,1.600e+00,2.000e+00,1.250e-01,1.875e-01,0.01,0.01,None
SMD,PIN11,2.000e+00,2.000e+00,1.250e-01,2.000e+00,2.000e+00,1.250e-01,1.875e-01,0.01,0.01,None
SMD,PIN12,-2.000e+00,1.600e+00,1.250e-01,-2.000e+00,1.600e+00,1.250e-01,1.875e-01,0.01,0.01,None
SMD,PIN13,-1.600e+00,1.600e+00,1.250e-01,-1.600e+00,1.600e+00,1.250e-01,1.875e-01,0.01,0.01,None
SMD,PIN14,-1.200e+00,1.600e+00,1.250e-01,-1.200e+00,1.600e+00,1.250e-01,1.875e-01,0.01,0.01,None
SMD,PIN15,-8.000e-01,1.600e+00,1.250e-01,-8.000e-01,1.600e+00,1.250e-01,1.875e-01,0.01,0.01,None
SMD,PIN16,-4.000e-01,1.600e+00,1.250e-01,-4.000e-01,1.600e+00,1.250e-01,1.875e-01,0.01,0.01,None
SMD,PIN17,0.000e+00,1.600e+00,1.250e-01,0.000e+00,1.600e+00,1.250e-01,1.875e-01,0.01,0.01,None
SMD,PIN18,4.000e-01,1.600e+00,1.250e-01,4.000e-01,1.600e+00,1.250e-01,1.875e-01,0.01,0.01,None
SMD,PIN19,8.000e-01,1.600e+00,1.250e-01,8.000e-01,1.600e+00,1.250e-01,1.875e-01,0.01,0.01,None
SMD,PIN20,1.200e+00,1.600e+00,1.250e-01,1.200e+00,1.600e+00,1.250e-01,1.875e-01,0.01,0.01,None
SMD,PIN21,1.600e+00,1.600e+00,1.250e-01,1.600e+00,1.600e+00,1.250e-01,1.875e-01,0.01,0.01,None
SMD,PIN22,2.000e+00,1.600e+00,1.250e-01,2.000e+00,1.600e+00,1.250e-01,1.875e-01,0.01,0.01,None
SMD,PIN23,-2.000e+00,1.200e+00,1.250e-01,-2.000e+00,1.200e+00,1.250e-01,1.875e-01,0.01,0.01,None
SMD,PIN24,-1.600e+00,1.200e+00,1.250e-01,-1.600e+00,1.200e+00,1.250e-01,1.875e-01,0.01,0.01,None
SMD,PIN25,-1.200e+00,1.200e+00,1.250e-01,-1.200e+00,1.200e+00,1.250e-01,1.875e-01,0.01,0.01,None
SMD,PIN26,-8.000e-01,1.200e+00,1.250e-01,-8.000e-01,1.200e+00,1.250e-01,1.875e-01,0.01,0.01,None
SMD,PIN27,-4.000e-01,1.200e+00,1.250e-01,-4.000e-01,1.200e+00,1.250e-01,1.875e-01,0.01,0.01,None
SMD,PIN28,0.000e+00,1.200e+00,1.250e-01,0.000e+00,1.200e+00,1.250e-01,1.875e-01,0.01,0.01,None
SMD,PIN29,4.000e-01,1.200e+00,1.250e-01,4.000e-01,1.200e+00,1.250e-01,1.875e-01,0.01,0.01,None
SMD,PIN30,8.000e-01,1.200e+00,1.250e-01,8.000e-01,1.200e+00,1.250e-01,1.875e-01,0.01,0.01,None
SMD,PIN31,1.200e+00,1.200e+00,1.250e-01,1.200e+00,1.200e+00,1.250e-01,1.875e-01,0.01,0.01,None
SMD,PIN32,1.600e+00,1.200e+00,1.250e-01,1.600e+00,1.200e+00,1.250e-01,1.875e-01,0.01,0.01,None
SMD,PIN33,2.000e+00,1.200e+00,1.250e-01,2.000e+00,1.200e+00,1.250e-01,1.875e-01,0.01,0.01,None
SMD,PIN34,-2.000e+00,8.000e-01,1.250e-01,-2.000e+00,8.000e-01,1.250e-01,1.875e-01,0.01,0.01,None
SMD,PIN35,-1.600e+00,8.000e-01,1.250e-01,-1.600e+00,8.000e-01,1.250e-01,1.875e-01,0.01,0.01,None
SMD,PIN36,-1.200e+00,8.000e-01,1.250e-01,-1.200e+00,8.000e-01,1.250e-01,1.875e-01,0.01,0.01,None
SMD,PIN37,-8.000e-01,8.000e-01,1.250e-01,-8.000e-01,8.000e-01,1.250e-01,1.875e-01,0.01,0.01,None
SMD,PIN38,-4.000e-01,8.000e-01,1.250e-01,-4.000e-01,8.000e-01,1.250e-01,1.875e-01,0.01,0.01,None
SMD,PIN39,0.000e+00,8.000e-01,1.250e-01,0.000e+00,8.000e-01,1.250e-01,1.875e-01,0.01,0.01,None
SMD,PIN40,4.000e-01,8.000e-01,1.250e-01,4.000e-01,8.000e-01,1.250e-01,1.875e-01,0.01,0.01,None
SMD,PIN41,8.000e-01,8.000e-01,1.250e-01,8.000e-01,8.000e-01,1.250e-01,1.875e-01,0.01,0.01,None
SMD,PIN42,1.200e+00,8.000e-01,1.250e-01,1.200e+00,8.000e-01,1.250e-01,1.875e-01,0.01,0.01,None
SMD,PIN43,1.600e+00,8.000e-01,1.250e-01,1.600e+00,8.000e-01,1.250e-01,1.875e-01,0.01,0.01,None
SMD,PIN44,2.000e+00,8.000e-01,1.250e-01,2.000e+00,8.000e-01,1.250e-01,1.875e-01,0.01,0.01,None
SMD,PIN45,-2.000e+00,4.000e-01,1.250e-01,-2.000e+00,4.000e-01,1.250e-01,1.875e-01,0.01,0.01,None
SMD,PIN46,-1.600e+00,4.000e-01,1.250e-01,-1.600e+00,4.000e-01,1.250e-01,1.875e-01,0.01,0.01,None
SMD,PIN47,-1.200e+00,4.000e-01,1.250e-01,-1.200e+00,4.000e-01,1.250e-01,1.875e-01,0.01,0.01,None
SMD,PIN48,-8.000e-01,4.000e-01,1.250e-01,-8.000e-01,4.000e-01,1.250e-01,1.875e-01,0.01,0.01,None
SMD,PIN49,8.000e-01,4.000e-01,1.250e-01,8.000e-01,4.000e-01,1.250e-01,1.875e-01,0.01,0.01,None
SMD,PIN50,1.200e+00,4.000e-01,1.250e-01,1.200e+00,4.000e-01,1.250e-01,1.875e-01,0.01,0.01,None
SMD,PIN51,1.600e+00,4.000e-01,1.250e-01,1.600e+00,4.000e-01,1.250e-01,1.875e-01,0.01,0.01,None
SMD,PIN52,2.000e+00,4.000e-01,1.250e-01,2.000e+00,4.000e-01,1.250e-01,1.875e-01,0.01,0.01,None
SMD,PIN53,-2.000e+00,0.000e+00,1.250e-01,-2.000e+00,0.000e+00,1.250e-01,1.875e-01,0.01,0.01,None
SMD,PIN54,-1.600e+00,0.000e+00,1.250e-01,-1.600e+00,0.000e+00,1.250e-01,1.875e-01,0.01,0.01,None
SMD,PIN55,-1.200e+00,0.000e+00,1.250e-01,-1.200e+00,0.000e+00,1.250e-01,1.875e-01,0.01,0.01,None
SMD,PIN56,-8.000e-01,0.000e+00,1.250e-01,-8.000e-01,0.000e+00,1.250e-01,1.875e-01,0.01,0.01,None
SMD,PIN57,8.000e-01,0.000e+00,1.250e-01,8.000e-01,0.000e+00,1.250e-01,1.875e-01,0.01,0.01,None
SMD,PIN58,1.200e+00,0.000e+00,1.250e-01,1.200e+00,0.000e+00,1.250e-01,1.875e-01,0.01,0.01,None
SMD,PIN59,1.600e+00,0.000e+00,1.250e-01,1.600e+00,0.000e+00,1.250e-01,1.875e-01,0.01,0.01,None
SMD,PIN60,2.000e+00,0.000e+00,1.250e-01,2.000e+00,0.000e+00,1.250e-01,1.875e-01,0.01,0.01,None
SMD,PIN61,-2.000e+00,-4.000e-01,1.250e-01,-2.000e+00,-4.000e-01,1.250e-01,1.875e-01,0.01,0.01,None
SMD,PIN62,-1.600e+00,-4.000e-01,1.250e-01,-1.600e+00,-4.000e-01,1.250e-01,1.875e-01,0.01,0.01,None
SMD,PIN63,-1.200e+00,-4.000e-01,1.250e-01,-1.200e+00,-4.000e-01,1.250e-01,1.875e-01,0.01,0.01,None
SMD,PIN64,-8.000e-01,-4.000e-01,1.250e-01,-8.000e-01,-4.000e-01,1.250e-01,1.875e-01,0.01,0.01,None
SMD,PIN65,8.000e-01,-4.000e-01,1.250e-01,8.000e-01,-4.000e-01,1.250e-01,1.875e-01,0.01,0.01,None
SMD,PIN66,1.200e+00,-4.000e-01,1.250e-01,1.200e+00,-4.000e-01,1.250e-01,1.875e-01,0.01,0.01,None
SMD,PIN67,1.600e+00,-4.000e-01,1.250e-01,1.600e+00,-4.000e-01,1.250e-01,1.875e-01,0.01,0.01,None
SMD,PIN68,2.000e+00,-4.000e-01,1.250e-01,2.000e+00,-4.000e-01,1.250e-01,1.875e-01,0.01,0.01,None
SMD,PIN69,-2.000e+00,-8.000e-01,1.250e-01,-2.000e+00,-8.000e-01,1.250e-01,1.875e-01,0.01,0.01,None
SMD,PIN70,-1.600e+00,-8.000e-01,1.250e-01,-1.600e+00,-8.000e-01,1.250e-01,1.875e-01,0.01,0.01,None
SMD,PIN71,-1.200e+00,-8.000e-01,1.250e-01,-1.200e+00,-8.000e-01,1.250e-01,1.875e-01,0.01,0.01,None
SMD,PIN72,-8.000e-01,-8.000e-01,1.250e-01,-8.000e-01,-8.000e-01,1.250e-01,1.875e-01,0.01,0.01,None
SMD,PIN73,-4.000e-01,-8.000e-01,1.250e-01,-4.000e-01,-8.000e-01,1.250e-01,1.875e-01,0.01,0.01,None
SMD,PIN74,0.000e+00,-8.000e-01,1.250e-01,0.000e+00,-8.000e-01,1.250e-01,1.875e-01,0.01,0.01,None
SMD,PIN75,4.000e-01,-8.000e-01,1.250e-01,4.000e-01,-8.000e-01,1.250e-01,1.875e-01,0.01,0.01,None
SMD,PIN76,8.000e-01,-8.000e-01,1.250e-01,8.000e-01,-8.000e-01,1.250e-01,1.875e-01,0.01,0.01,None
SMD,PIN77,1.200e+00,-8.000e-01,1.250e-01,1.200e+00,-8.000e-01,1.250e-01,1.875e-01,0.01,0.01,None
SMD,PIN78,1.600e+00,-8.000e-01,1.250e-01,1.600e+00,-8.000e-01,1.250e-01,1.875e-01,0.01,0.01,None
SMD,PIN79,2.000e+00,-8.000e-01,1.250e-01,2.000e+00,-8.000e-01,1.250e-01,1.875e-01,0.01,0.01,None
SMD,PIN80,-2.000e+00,-1.200e+00,1.250e-01,-2.000e+00,-1.200e+00,1.250e-01,1.875e-01,0.01,0.01,None
SMD,PIN81,-1.600e+00,-1.200e+00,1.250e-01,-1.600e+00,-1.200e+00,1.250e-01,1.875e-01,0.01,0.01,None
SMD,PIN82,-1.200e+00,-1.200e+00,1.250e-01,-1.200e+00,-1.200e+00,1.250e-01,1.875e-01,0.01,0.01,None
SMD,PIN83,-8.000e-01,-1.200e+00,1.250e-01,-8.000e-01,-1.200e+00,1.250e-01,1.875e-01,0.01,0.01,None
SMD,PIN84,-4.000e-01,-1.200e+00,1.250e-01,-4.000e-01,-1.200e+00,1.250e-01,1.875e-01,0.01,0.01,None
SMD,PIN85,0.000e+00,-1.200e+00,1.250e-01,0.000e+00,-1.200e+00,1.250e-01,1.875e-01,0.01,0.01,None
SMD,PIN86,4.000e-01,-1.200e+00,1.250e-01,4.000e-01,-1.200e+00,1.250e-01,1.875e-01,0.01,0.01,None
SMD,PIN87,8.000e-01,-1.200e+00,1.250e-01,8.000e-01,-1.200e+00,1.250e-01,1.875e-01,0.01,0.01,None
SMD,PIN88,1.200e+00,-1.200e+00,1.250e-01,1.200e+00,-1.200e+00,1.250e-01,1.875e-01,0.01,0.01,None
SMD,PIN89,1.600e+00,-1.200e+00,1.250e-01,1.600e+00,-1.200e+00,1.250e-01,1.875e-01,0.01,0.01,None
SMD,PIN90,2.000e+00,-1.200e+00,1.250e-01,2.000e+00,-1.200e+00,1.250e-01,1.875e-01,0.01,0.01,None
SMD,PIN91,-2.000e+00,-1.600e+00,1.250e-01,-2.000e+00,-1.600e+00,1.250e-01,1.875e-01,0.01,0.01,None
SMD,PIN92,-1.600e+00,-1.600e+00,1.250e-01,-1.600e+00,-1.600e+00,1.250e-01,1.875e-01,0.01,0.01,None
SMD,PIN93,-1.200e+00,-1.600e+00,1.250e-01,-1.200e+00,-1.600e+00,1.250e-01,1.875e-01,0.01,0.01,None
SMD,PIN94,-8.000e-01,-1.600e+00,1.250e-01,-8.000e-01,-1.600e+00,1.250e-01,1.875e-01,0.01,0.01,None
SMD,PIN95,-4.000e-01,-1.600e+00,1.250e-01,-4.000e-01,-1.600e+00,1.250e-01,1.875e-01,0.01,0.01,None
SMD,PIN96,0.000e+00,-1.600e+00,1.250e-01,0.000e+00,-1.600e+00,1.250e-01,1.875e-01,0.01,0.01,None
SMD,PIN97,4.000e-01,-1.600e+00,1.250e-01,4.000e-01,-1.600e+00,1.250e-01,1.875e-01,0.01,0.01,None
SMD,PIN98,8.000e-01,-1.600e+00,1.250e-01,8.000e-01,-1.600e+00,1.250e-01,1.875e-01,0.01,0.01,None
SMD,PIN99,1.200e+00,-1.600e+00,1.250e-01,1.200e+00,-1.600e+00,1.250e-01,1.875e-01,0.01,0.01,None
SMD,PIN100,1.600e+00,-1.600e+00,1.250e-01,1.600e+00,-1.600e+00,1.250e-01,1.875e-01,0.01,0.01,None
SMD,PIN101,2.000e+00,-1.600e+00,1.250e-01,2.000e+00,-1.600e+00,1.250e-01,1.875e-01,0.01,0.01,None
SMD,PIN102,-2.000e+00,-2.000e+00,1.250e-01,-2.000e+00,-2.000e+00,1.250e-01,1.875e-01,0.01,0.01,None
SMD,PIN103,-1.600e+00,-2.000e+00,1.250e-01,-1.600e+00,-2.000e+00,1.250e-01,1.875e-01,0.01,0.01,None
SMD,PIN104,-1.200e+00,-2.000e+00,1.250e-01,-1.200e+00,-2.000e+00,1.250e-01,1.875e-01,0.01,0.01,None
SMD,PIN105,-8.000e-01,-2.000e+00,1.250e-01,-8.000e-01,-2.000e+00,1.250e-01,1.875e-01,0.01,0.01,None
SMD,PIN106,-4.000e-01,-2.000e+00,1.250e-01,-4.000e-01,-2.000e+00,1.250e-01,1.875e-01,0.01,0.01,None
SMD,PIN107,0.000e+00,-2.000e+00,1.250e-01,0.000e+00,-2.000e+00,1.250e-01,1.875e-01,0.01,0.01,None
SMD,PIN108,4.000e-01,-2.000e+00,1.250e-01,4.000e-01,-2.000e+00,1.250e-01,1.875e-01,0.01,0.01,None
SMD,PIN109,8.000e-01,-2.000e+00,1.250e-01,8.000e-01,-2.000e+00,1.250e-01,1.875e-01,0.01,0.01,None
SMD,PIN110,1.200e+00,-2.000e+00,1.250e-01,1.200e+00,-2.000e+00,1.250e-01,1.875e-01,0.01,0.01,None
SMD,PIN111,1.600e+00,-2.000e+00,1.250e-01,1.600e+00,-2.000e+00,1.250e-01,1.875e-01,0.01,0.01,None
SMD,PIN112,2.000e+00,-2.000e+00,1.250e-01,2.000e+00,-2.000e+00,1.250e-01,1.875e-01,0.01,0.01,None
*Layer,PackageWarpage,Defined
Location,0,0
Thickness,5.000e-01
Part,Polynomial,Solid,1
OB -2.575e+00 -2.575e+00 I
OS -2.575e+00 2.475e+00
OS -2.475e+00 2.575e+00
OS 2.575e+00 2.575e+00
OS 2.575e+00 -2.300e+00
OS 2.680e+00 -2.300e+00
OS 2.680e+00 -2.680e+00
OS 2.300e+00 -2.680e+00
OS 2.300e+00 -2.575e+00
OS -2.575e+00 -2.575e+00
OE
*End