*Translation,29.75699916,2.79699974,0.0
*Rotation,270
*Mirror,False
*IsTop,False
*Layer,SolderJoint
Location,0,0,0.0
Length,5.255e+00,5.255e+00
Thickness,8.000e-02
MisalignmentAngle,0,0.0
SurfaceTension,480.0
Cylinder,-2.000e+00,2.000e+00,1.250e-01
Cylinder,-1.600e+00,2.000e+00,1.250e-01
Cylinder,-1.200e+00,2.000e+00,1.250e-01
Cylinder,-8.000e-01,2.000e+00,1.250e-01
Cylinder,-4.000e-01,2.000e+00,1.250e-01
Cylinder,0.000e+00,2.000e+00,1.250e-01
Cylinder,4.000e-01,2.000e+00,1.250e-01
Cylinder,8.000e-01,2.000e+00,1.250e-01
Cylinder,1.200e+00,2.000e+00,1.250e-01
Cylinder,1.600e+00,2.000e+00,1.250e-01
Cylinder,2.000e+00,2.000e+00,1.250e-01
Cylinder,-2.000e+00,1.600e+00,1.250e-01
Cylinder,-1.600e+00,1.600e+00,1.250e-01
Cylinder,-1.200e+00,1.600e+00,1.250e-01
Cylinder,-8.000e-01,1.600e+00,1.250e-01
Cylinder,-4.000e-01,1.600e+00,1.250e-01
Cylinder,0.000e+00,1.600e+00,1.250e-01
Cylinder,4.000e-01,1.600e+00,1.250e-01
Cylinder,8.000e-01,1.600e+00,1.250e-01
Cylinder,1.200e+00,1.600e+00,1.250e-01
Cylinder,1.600e+00,1.600e+00,1.250e-01
Cylinder,2.000e+00,1.600e+00,1.250e-01
Cylinder,-2.000e+00,1.200e+00,1.250e-01
Cylinder,-1.600e+00,1.200e+00,1.250e-01
Cylinder,-1.200e+00,1.200e+00,1.250e-01
Cylinder,-8.000e-01,1.200e+00,1.250e-01
Cylinder,-4.000e-01,1.200e+00,1.250e-01
Cylinder,0.000e+00,1.200e+00,1.250e-01
Cylinder,4.000e-01,1.200e+00,1.250e-01
Cylinder,8.000e-01,1.200e+00,1.250e-01
Cylinder,1.200e+00,1.200e+00,1.250e-01
Cylinder,1.600e+00,1.200e+00,1.250e-01
Cylinder,2.000e+00,1.200e+00,1.250e-01
Cylinder,-2.000e+00,8.000e-01,1.250e-01
Cylinder,-1.600e+00,8.000e-01,1.250e-01
Cylinder,-1.200e+00,8.000e-01,1.250e-01
Cylinder,-8.000e-01,8.000e-01,1.250e-01
Cylinder,-4.000e-01,8.000e-01,1.250e-01
Cylinder,0.000e+00,8.000e-01,1.250e-01
Cylinder,4.000e-01,8.000e-01,1.250e-01
Cylinder,8.000e-01,8.000e-01,1.250e-01
Cylinder,1.200e+00,8.000e-01,1.250e-01
Cylinder,1.600e+00,8.000e-01,1.250e-01
Cylinder,2.000e+00,8.000e-01,1.250e-01
Cylinder,-2.000e+00,4.000e-01,1.250e-01
Cylinder,-1.600e+00,4.000e-01,1.250e-01
Cylinder,-1.200e+00,4.000e-01,1.250e-01
Cylinder,-8.000e-01,4.000e-01,1.250e-01
Cylinder,8.000e-01,4.000e-01,1.250e-01
Cylinder,1.200e+00,4.000e-01,1.250e-01
Cylinder,1.600e+00,4.000e-01,1.250e-01
Cylinder,2.000e+00,4.000e-01,1.250e-01
Cylinder,-2.000e+00,0.000e+00,1.250e-01
Cylinder,-1.600e+00,0.000e+00,1.250e-01
Cylinder,-1.200e+00,0.000e+00,1.250e-01
Cylinder,-8.000e-01,0.000e+00,1.250e-01
Cylinder,8.000e-01,0.000e+00,1.250e-01
Cylinder,1.200e+00,0.000e+00,1.250e-01
Cylinder,1.600e+00,0.000e+00,1.250e-01
Cylinder,2.000e+00,0.000e+00,1.250e-01
Cylinder,-2.000e+00,-4.000e-01,1.250e-01
Cylinder,-1.600e+00,-4.000e-01,1.250e-01
Cylinder,-1.200e+00,-4.000e-01,1.250e-01
Cylinder,-8.000e-01,-4.000e-01,1.250e-01
Cylinder,8.000e-01,-4.000e-01,1.250e-01
Cylinder,1.200e+00,-4.000e-01,1.250e-01
Cylinder,1.600e+00,-4.000e-01,1.250e-01
Cylinder,2.000e+00,-4.000e-01,1.250e-01
Cylinder,-2.000e+00,-8.000e-01,1.250e-01
Cylinder,-1.600e+00,-8.000e-01,1.250e-01
Cylinder,-1.200e+00,-8.000e-01,1.250e-01
Cylinder,-8.000e-01,-8.000e-01,1.250e-01
Cylinder,-4.000e-01,-8.000e-01,1.250e-01
Cylinder,0.000e+00,-8.000e-01,1.250e-01
Cylinder,4.000e-01,-8.000e-01,1.250e-01
Cylinder,8.000e-01,-8.000e-01,1.250e-01
Cylinder,1.200e+00,-8.000e-01,1.250e-01
Cylinder,1.600e+00,-8.000e-01,1.250e-01
Cylinder,2.000e+00,-8.000e-01,1.250e-01
Cylinder,-2.000e+00,-1.200e+00,1.250e-01
Cylinder,-1.600e+00,-1.200e+00,1.250e-01
Cylinder,-1.200e+00,-1.200e+00,1.250e-01
Cylinder,-8.000e-01,-1.200e+00,1.250e-01
Cylinder,-4.000e-01,-1.200e+00,1.250e-01
Cylinder,0.000e+00,-1.200e+00,1.250e-01
Cylinder,4.000e-01,-1.200e+00,1.250e-01
Cylinder,8.000e-01,-1.200e+00,1.250e-01
Cylinder,1.200e+00,-1.200e+00,1.250e-01
Cylinder,1.600e+00,-1.200e+00,1.250e-01
Cylinder,2.000e+00,-1.200e+00,1.250e-01
Cylinder,-2.000e+00,-1.600e+00,1.250e-01
Cylinder,-1.600e+00,-1.600e+00,1.250e-01
Cylinder,-1.200e+00,-1.600e+00,1.250e-01
Cylinder,-8.000e-01,-1.600e+00,1.250e-01
Cylinder,-4.000e-01,-1.600e+00,1.250e-01
Cylinder,0.000e+00,-1.600e+00,1.250e-01
Cylinder,4.000e-01,-1.600e+00,1.250e-01
Cylinder,8.000e-01,-1.600e+00,1.250e-01
Cylinder,1.200e+00,-1.600e+00,1.250e-01
Cylinder,1.600e+00,-1.600e+00,1.250e-01
Cylinder,2.000e+00,-1.600e+00,1.250e-01
Cylinder,-2.000e+00,-2.000e+00,1.250e-01
Cylinder,-1.600e+00,-2.000e+00,1.250e-01
Cylinder,-1.200e+00,-2.000e+00,1.250e-01
Cylinder,-8.000e-01,-2.000e+00,1.250e-01
Cylinder,-4.000e-01,-2.000e+00,1.250e-01
Cylinder,0.000e+00,-2.000e+00,1.250e-01
Cylinder,4.000e-01,-2.000e+00,1.250e-01
Cylinder,8.000e-01,-2.000e+00,1.250e-01
Cylinder,1.200e+00,-2.000e+00,1.250e-01
Cylinder,1.600e+00,-2.000e+00,1.250e-01
Cylinder,2.000e+00,-2.000e+00,1.250e-01
*Layer,Package
Location,0,0
Thickness,5.000e-01
Length,5.255e+00,5.255e+00
*End