*Layer,SolderJointWarpage,SolderJointWarped
Location,0,0,0
Length,6.6550e+00,5.2550e+00
Thickness,0.08
MeshGenerationType,Solid,Tetra
MeshPath,PackageMesh
MeshSizeInPlane,0.1
NumberofElementinThickness,5
MaterialID,1
DetailSolder,True
MisalignmentAngle,0,0.0
SurfaceTension,480.0
SMD,PIN1,-2.905e+00,2.200e+00,1.250e-01,-2.905e+00,2.200e+00,1.250e-01,1.875e-01,1.000e-02,1.000e-02,None
SMD,PIN2,-2.490e+00,2.200e+00,1.250e-01,-2.490e+00,2.200e+00,1.250e-01,1.875e-01,1.000e-02,1.000e-02,None
SMD,PIN3,-2.075e+00,2.200e+00,1.250e-01,-2.075e+00,2.200e+00,1.250e-01,1.875e-01,1.000e-02,1.000e-02,None
SMD,PIN4,-1.660e+00,2.200e+00,1.250e-01,-1.660e+00,2.200e+00,1.250e-01,1.875e-01,1.000e-02,1.000e-02,None
SMD,PIN5,-1.245e+00,2.200e+00,1.250e-01,-1.245e+00,2.200e+00,1.250e-01,1.875e-01,1.000e-02,1.000e-02,None
SMD,PIN6,-8.300e-01,2.200e+00,1.250e-01,-8.300e-01,2.200e+00,1.250e-01,1.875e-01,1.000e-02,1.000e-02,None
SMD,PIN7,-4.150e-01,2.200e+00,1.250e-01,-4.150e-01,2.200e+00,1.250e-01,1.875e-01,1.000e-02,1.000e-02,None
SMD,PIN8,0.000e+00,2.200e+00,1.250e-01,0.000e+00,2.200e+00,1.250e-01,1.875e-01,1.000e-02,1.000e-02,None
SMD,PIN9,4.150e-01,2.200e+00,1.250e-01,4.150e-01,2.200e+00,1.250e-01,1.875e-01,1.000e-02,1.000e-02,None
SMD,PIN10,8.300e-01,2.200e+00,1.250e-01,8.300e-01,2.200e+00,1.250e-01,1.875e-01,1.000e-02,1.000e-02,None
SMD,PIN11,1.245e+00,2.200e+00,1.250e-01,1.245e+00,2.200e+00,1.250e-01,1.875e-01,1.000e-02,1.000e-02,None
SMD,PIN12,1.660e+00,2.200e+00,1.250e-01,1.660e+00,2.200e+00,1.250e-01,1.875e-01,1.000e-02,1.000e-02,None
SMD,PIN13,2.075e+00,2.200e+00,1.250e-01,2.075e+00,2.200e+00,1.250e-01,1.875e-01,1.000e-02,1.000e-02,None
SMD,PIN14,2.490e+00,2.200e+00,1.250e-01,2.490e+00,2.200e+00,1.250e-01,1.875e-01,1.000e-02,1.000e-02,None
SMD,PIN15,2.905e+00,2.200e+00,1.250e-01,2.905e+00,2.200e+00,1.250e-01,1.875e-01,1.000e-02,1.000e-02,None
SMD,PIN16,-2.905e+00,1.760e+00,1.250e-01,-2.905e+00,1.760e+00,1.250e-01,1.875e-01,1.000e-02,1.000e-02,None
SMD,PIN17,-2.490e+00,1.760e+00,1.250e-01,-2.490e+00,1.760e+00,1.250e-01,1.875e-01,1.000e-02,1.000e-02,None
SMD,PIN18,-2.075e+00,1.760e+00,1.250e-01,-2.075e+00,1.760e+00,1.250e-01,1.875e-01,1.000e-02,1.000e-02,None
SMD,PIN19,-1.660e+00,1.760e+00,1.250e-01,-1.660e+00,1.760e+00,1.250e-01,1.875e-01,1.000e-02,1.000e-02,None
SMD,PIN20,-1.245e+00,1.760e+00,1.250e-01,-1.245e+00,1.760e+00,1.250e-01,1.875e-01,1.000e-02,1.000e-02,None
SMD,PIN21,-8.300e-01,1.760e+00,1.250e-01,-8.300e-01,1.760e+00,1.250e-01,1.875e-01,1.000e-02,1.000e-02,None
SMD,PIN22,-4.150e-01,1.760e+00,1.250e-01,-4.150e-01,1.760e+00,1.250e-01,1.875e-01,1.000e-02,1.000e-02,None
SMD,PIN23,0.000e+00,1.760e+00,1.250e-01,0.000e+00,1.760e+00,1.250e-01,1.875e-01,1.000e-02,1.000e-02,None
SMD,PIN24,4.150e-01,1.760e+00,1.250e-01,4.150e-01,1.760e+00,1.250e-01,1.875e-01,1.000e-02,1.000e-02,None
SMD,PIN25,8.300e-01,1.760e+00,1.250e-01,8.300e-01,1.760e+00,1.250e-01,1.875e-01,1.000e-02,1.000e-02,None
SMD,PIN26,1.245e+00,1.760e+00,1.250e-01,1.245e+00,1.760e+00,1.250e-01,1.875e-01,1.000e-02,1.000e-02,None
SMD,PIN27,1.660e+00,1.760e+00,1.250e-01,1.660e+00,1.760e+00,1.250e-01,1.875e-01,1.000e-02,1.000e-02,None
SMD,PIN28,2.075e+00,1.760e+00,1.250e-01,2.075e+00,1.760e+00,1.250e-01,1.875e-01,1.000e-02,1.000e-02,None
SMD,PIN29,2.490e+00,1.760e+00,1.250e-01,2.490e+00,1.760e+00,1.250e-01,1.875e-01,1.000e-02,1.000e-02,None
SMD,PIN30,2.905e+00,1.760e+00,1.250e-01,2.905e+00,1.760e+00,1.250e-01,1.875e-01,1.000e-02,1.000e-02,None
SMD,PIN31,-2.905e+00,1.320e+00,1.250e-01,-2.905e+00,1.320e+00,1.250e-01,1.875e-01,1.000e-02,1.000e-02,None
SMD,PIN32,-2.490e+00,1.320e+00,1.250e-01,-2.490e+00,1.320e+00,1.250e-01,1.875e-01,1.000e-02,1.000e-02,None
SMD,PIN33,0.000e+00,1.320e+00,1.250e-01,0.000e+00,1.320e+00,1.250e-01,1.875e-01,1.000e-02,1.000e-02,None
SMD,PIN34,2.905e+00,1.320e+00,1.250e-01,2.905e+00,1.320e+00,1.250e-01,1.875e-01,1.000e-02,1.000e-02,None
SMD,PIN35,-2.905e+00,8.800e-01,1.250e-01,-2.905e+00,8.800e-01,1.250e-01,1.875e-01,1.000e-02,1.000e-02,None
SMD,PIN36,-2.490e+00,8.800e-01,1.250e-01,-2.490e+00,8.800e-01,1.250e-01,1.875e-01,1.000e-02,1.000e-02,None
SMD,PIN37,0.000e+00,8.800e-01,1.250e-01,0.000e+00,8.800e-01,1.250e-01,1.875e-01,1.000e-02,1.000e-02,None
SMD,PIN38,2.905e+00,8.800e-01,1.250e-01,2.905e+00,8.800e-01,1.250e-01,1.875e-01,1.000e-02,1.000e-02,None
SMD,PIN39,-2.905e+00,4.400e-01,1.250e-01,-2.905e+00,4.400e-01,1.250e-01,1.875e-01,1.000e-02,1.000e-02,None
SMD,PIN40,-2.490e+00,4.400e-01,1.250e-01,-2.490e+00,4.400e-01,1.250e-01,1.875e-01,1.000e-02,1.000e-02,None
SMD,PIN41,0.000e+00,4.400e-01,1.250e-01,0.000e+00,4.400e-01,1.250e-01,1.875e-01,1.000e-02,1.000e-02,None
SMD,PIN42,2.905e+00,4.400e-01,1.250e-01,2.905e+00,4.400e-01,1.250e-01,1.875e-01,1.000e-02,1.000e-02,None
SMD,PIN43,-2.905e+00,0.000e+00,1.250e-01,-2.905e+00,0.000e+00,1.250e-01,1.875e-01,1.000e-02,1.000e-02,None
SMD,PIN44,-2.490e+00,0.000e+00,1.250e-01,-2.490e+00,0.000e+00,1.250e-01,1.875e-01,1.000e-02,1.000e-02,None
SMD,PIN45,-2.075e+00,0.000e+00,1.250e-01,-2.075e+00,0.000e+00,1.250e-01,1.875e-01,1.000e-02,1.000e-02,None
SMD,PIN46,-1.660e+00,0.000e+00,1.250e-01,-1.660e+00,0.000e+00,1.250e-01,1.875e-01,1.000e-02,1.000e-02,None
SMD,PIN47,-1.245e+00,0.000e+00,1.250e-01,-1.245e+00,0.000e+00,1.250e-01,1.875e-01,1.000e-02,1.000e-02,None
SMD,PIN48,-8.300e-01,0.000e+00,1.250e-01,-8.300e-01,0.000e+00,1.250e-01,1.875e-01,1.000e-02,1.000e-02,None
SMD,PIN49,-4.150e-01,0.000e+00,1.250e-01,-4.150e-01,0.000e+00,1.250e-01,1.875e-01,1.000e-02,1.000e-02,None
SMD,PIN50,0.000e+00,0.000e+00,1.250e-01,0.000e+00,0.000e+00,1.250e-01,1.875e-01,1.000e-02,1.000e-02,None
SMD,PIN51,2.905e+00,0.000e+00,1.250e-01,2.905e+00,0.000e+00,1.250e-01,1.875e-01,1.000e-02,1.000e-02,None
SMD,PIN52,-2.905e+00,-4.400e-01,1.250e-01,-2.905e+00,-4.400e-01,1.250e-01,1.875e-01,1.000e-02,1.000e-02,None
SMD,PIN53,-2.490e+00,-4.400e-01,1.250e-01,-2.490e+00,-4.400e-01,1.250e-01,1.875e-01,1.000e-02,1.000e-02,None
SMD,PIN54,0.000e+00,-4.400e-01,1.250e-01,0.000e+00,-4.400e-01,1.250e-01,1.875e-01,1.000e-02,1.000e-02,None
SMD,PIN55,2.075e+00,-4.400e-01,1.250e-01,2.075e+00,-4.400e-01,1.250e-01,1.875e-01,1.000e-02,1.000e-02,None
SMD,PIN56,2.490e+00,-4.400e-01,1.250e-01,2.490e+00,-4.400e-01,1.250e-01,1.875e-01,1.000e-02,1.000e-02,None
SMD,PIN57,2.905e+00,-4.400e-01,1.250e-01,2.905e+00,-4.400e-01,1.250e-01,1.875e-01,1.000e-02,1.000e-02,None
SMD,PIN58,-2.905e+00,-8.800e-01,1.250e-01,-2.905e+00,-8.800e-01,1.250e-01,1.875e-01,1.000e-02,1.000e-02,None
SMD,PIN59,-2.490e+00,-8.800e-01,1.250e-01,-2.490e+00,-8.800e-01,1.250e-01,1.875e-01,1.000e-02,1.000e-02,None
SMD,PIN60,0.000e+00,-8.800e-01,1.250e-01,0.000e+00,-8.800e-01,1.250e-01,1.875e-01,1.000e-02,1.000e-02,None
SMD,PIN61,2.075e+00,-8.800e-01,1.250e-01,2.075e+00,-8.800e-01,1.250e-01,1.875e-01,1.000e-02,1.000e-02,None
SMD,PIN62,2.490e+00,-8.800e-01,1.250e-01,2.490e+00,-8.800e-01,1.250e-01,1.875e-01,1.000e-02,1.000e-02,None
SMD,PIN63,2.905e+00,-8.800e-01,1.250e-01,2.905e+00,-8.800e-01,1.250e-01,1.875e-01,1.000e-02,1.000e-02,None
SMD,PIN64,-2.905e+00,-1.320e+00,1.250e-01,-2.905e+00,-1.320e+00,1.250e-01,1.875e-01,1.000e-02,1.000e-02,None
SMD,PIN65,-2.490e+00,-1.320e+00,1.250e-01,-2.490e+00,-1.320e+00,1.250e-01,1.875e-01,1.000e-02,1.000e-02,None
SMD,PIN66,0.000e+00,-1.320e+00,1.250e-01,0.000e+00,-1.320e+00,1.250e-01,1.875e-01,1.000e-02,1.000e-02,None
SMD,PIN67,4.150e-01,-1.320e+00,1.250e-01,4.150e-01,-1.320e+00,1.250e-01,1.875e-01,1.000e-02,1.000e-02,None
SMD,PIN68,8.300e-01,-1.320e+00,1.250e-01,8.300e-01,-1.320e+00,1.250e-01,1.875e-01,1.000e-02,1.000e-02,None
SMD,PIN69,1.245e+00,-1.320e+00,1.250e-01,1.245e+00,-1.320e+00,1.250e-01,1.875e-01,1.000e-02,1.000e-02,None
SMD,PIN70,1.660e+00,-1.320e+00,1.250e-01,1.660e+00,-1.320e+00,1.250e-01,1.875e-01,1.000e-02,1.000e-02,None
SMD,PIN71,2.075e+00,-1.320e+00,1.250e-01,2.075e+00,-1.320e+00,1.250e-01,1.875e-01,1.000e-02,1.000e-02,None
SMD,PIN72,2.490e+00,-1.320e+00,1.250e-01,2.490e+00,-1.320e+00,1.250e-01,1.875e-01,1.000e-02,1.000e-02,None
SMD,PIN73,2.905e+00,-1.320e+00,1.250e-01,2.905e+00,-1.320e+00,1.250e-01,1.875e-01,1.000e-02,1.000e-02,None
SMD,PIN74,-2.905e+00,-1.760e+00,1.250e-01,-2.905e+00,-1.760e+00,1.250e-01,1.875e-01,1.000e-02,1.000e-02,None
SMD,PIN75,-2.490e+00,-1.760e+00,1.250e-01,-2.490e+00,-1.760e+00,1.250e-01,1.875e-01,1.000e-02,1.000e-02,None
SMD,PIN76,-2.075e+00,-1.760e+00,1.250e-01,-2.075e+00,-1.760e+00,1.250e-01,1.875e-01,1.000e-02,1.000e-02,None
SMD,PIN77,-1.660e+00,-1.760e+00,1.250e-01,-1.660e+00,-1.760e+00,1.250e-01,1.875e-01,1.000e-02,1.000e-02,None
SMD,PIN78,-1.245e+00,-1.760e+00,1.250e-01,-1.245e+00,-1.760e+00,1.250e-01,1.875e-01,1.000e-02,1.000e-02,None
SMD,PIN79,-8.300e-01,-1.760e+00,1.250e-01,-8.300e-01,-1.760e+00,1.250e-01,1.875e-01,1.000e-02,1.000e-02,None
SMD,PIN80,-4.150e-01,-1.760e+00,1.250e-01,-4.150e-01,-1.760e+00,1.250e-01,1.875e-01,1.000e-02,1.000e-02,None
SMD,PIN81,0.000e+00,-1.760e+00,1.250e-01,0.000e+00,-1.760e+00,1.250e-01,1.875e-01,1.000e-02,1.000e-02,None
SMD,PIN82,4.150e-01,-1.760e+00,1.250e-01,4.150e-01,-1.760e+00,1.250e-01,1.875e-01,1.000e-02,1.000e-02,None
SMD,PIN83,8.300e-01,-1.760e+00,1.250e-01,8.300e-01,-1.760e+00,1.250e-01,1.875e-01,1.000e-02,1.000e-02,None
SMD,PIN84,1.245e+00,-1.760e+00,1.250e-01,1.245e+00,-1.760e+00,1.250e-01,1.875e-01,1.000e-02,1.000e-02,None
SMD,PIN85,1.660e+00,-1.760e+00,1.250e-01,1.660e+00,-1.760e+00,1.250e-01,1.875e-01,1.000e-02,1.000e-02,None
SMD,PIN86,2.075e+00,-1.760e+00,1.250e-01,2.075e+00,-1.760e+00,1.250e-01,1.875e-01,1.000e-02,1.000e-02,None
SMD,PIN87,2.490e+00,-1.760e+00,1.250e-01,2.490e+00,-1.760e+00,1.250e-01,1.875e-01,1.000e-02,1.000e-02,None
SMD,PIN88,2.905e+00,-1.760e+00,1.250e-01,2.905e+00,-1.760e+00,1.250e-01,1.875e-01,1.000e-02,1.000e-02,None
SMD,PIN89,-2.905e+00,-2.200e+00,1.250e-01,-2.905e+00,-2.200e+00,1.250e-01,1.875e-01,1.000e-02,1.000e-02,None
SMD,PIN90,-2.490e+00,-2.200e+00,1.250e-01,-2.490e+00,-2.200e+00,1.250e-01,1.875e-01,1.000e-02,1.000e-02,None
SMD,PIN91,-2.075e+00,-2.200e+00,1.250e-01,-2.075e+00,-2.200e+00,1.250e-01,1.875e-01,1.000e-02,1.000e-02,None
SMD,PIN92,-1.660e+00,-2.200e+00,1.250e-01,-1.660e+00,-2.200e+00,1.250e-01,1.875e-01,1.000e-02,1.000e-02,None
SMD,PIN93,-1.245e+00,-2.200e+00,1.250e-01,-1.245e+00,-2.200e+00,1.250e-01,1.875e-01,1.000e-02,1.000e-02,None
SMD,PIN94,-8.300e-01,-2.200e+00,1.250e-01,-8.300e-01,-2.200e+00,1.250e-01,1.875e-01,1.000e-02,1.000e-02,None
SMD,PIN95,-4.150e-01,-2.200e+00,1.250e-01,-4.150e-01,-2.200e+00,1.250e-01,1.875e-01,1.000e-02,1.000e-02,None
SMD,PIN96,0.000e+00,-2.200e+00,1.250e-01,0.000e+00,-2.200e+00,1.250e-01,1.875e-01,1.000e-02,1.000e-02,None
SMD,PIN97,4.150e-01,-2.200e+00,1.250e-01,4.150e-01,-2.200e+00,1.250e-01,1.875e-01,1.000e-02,1.000e-02,None
SMD,PIN98,8.300e-01,-2.200e+00,1.250e-01,8.300e-01,-2.200e+00,1.250e-01,1.875e-01,1.000e-02,1.000e-02,None
SMD,PIN99,1.245e+00,-2.200e+00,1.250e-01,1.245e+00,-2.200e+00,1.250e-01,1.875e-01,1.000e-02,1.000e-02,None
SMD,PIN100,1.660e+00,-2.200e+00,1.250e-01,1.660e+00,-2.200e+00,1.250e-01,1.875e-01,1.000e-02,1.000e-02,None
SMD,PIN101,2.075e+00,-2.200e+00,1.250e-01,2.075e+00,-2.200e+00,1.250e-01,1.875e-01,1.000e-02,1.000e-02,None
SMD,PIN102,2.490e+00,-2.200e+00,1.250e-01,2.490e+00,-2.200e+00,1.250e-01,1.875e-01,1.000e-02,1.000e-02,None
SMD,PIN103,2.905e+00,-2.200e+00,1.250e-01,2.905e+00,-2.200e+00,1.250e-01,1.875e-01,1.000e-02,1.000e-02,None
*Layer,PackageWarpage,Defined
Location,0,0
Length,6.655e+00,5.255e+00
Thickness,0.5
MeshGenerationType,Solid,Hexa
MeshPath,PackageMesh
NumberofElementinXDirection,20
NumberofElementinYDirection,20
NumberofElementinThickness,3
MaterialID,2
*Material
Material.txt
*End