*Translation,35.625001139999995,-11.3800001,0.3910000000000001
*Rotation,270
*Mirror,False
*IsTop,True
*Layer,SolderJoint
Location,0,0,0.0
Length,6.655e+00,5.255e+00
Thickness,8.000e-02
MisalignmentAngle,0,0.0
SurfaceTension,480.0
Cylinder,-2.905e+00,2.200e+00,1.250e-01
Cylinder,-2.490e+00,2.200e+00,1.250e-01
Cylinder,-2.075e+00,2.200e+00,1.250e-01
Cylinder,-1.660e+00,2.200e+00,1.250e-01
Cylinder,-1.245e+00,2.200e+00,1.250e-01
Cylinder,-8.300e-01,2.200e+00,1.250e-01
Cylinder,-4.150e-01,2.200e+00,1.250e-01
Cylinder,0.000e+00,2.200e+00,1.250e-01
Cylinder,4.150e-01,2.200e+00,1.250e-01
Cylinder,8.300e-01,2.200e+00,1.250e-01
Cylinder,1.245e+00,2.200e+00,1.250e-01
Cylinder,1.660e+00,2.200e+00,1.250e-01
Cylinder,2.075e+00,2.200e+00,1.250e-01
Cylinder,2.490e+00,2.200e+00,1.250e-01
Cylinder,2.905e+00,2.200e+00,1.250e-01
Cylinder,-2.905e+00,1.760e+00,1.250e-01
Cylinder,-2.490e+00,1.760e+00,1.250e-01
Cylinder,-2.075e+00,1.760e+00,1.250e-01
Cylinder,-1.660e+00,1.760e+00,1.250e-01
Cylinder,-1.245e+00,1.760e+00,1.250e-01
Cylinder,-8.300e-01,1.760e+00,1.250e-01
Cylinder,-4.150e-01,1.760e+00,1.250e-01
Cylinder,0.000e+00,1.760e+00,1.250e-01
Cylinder,4.150e-01,1.760e+00,1.250e-01
Cylinder,8.300e-01,1.760e+00,1.250e-01
Cylinder,1.245e+00,1.760e+00,1.250e-01
Cylinder,1.660e+00,1.760e+00,1.250e-01
Cylinder,2.075e+00,1.760e+00,1.250e-01
Cylinder,2.490e+00,1.760e+00,1.250e-01
Cylinder,2.905e+00,1.760e+00,1.250e-01
Cylinder,-2.905e+00,1.320e+00,1.250e-01
Cylinder,-2.490e+00,1.320e+00,1.250e-01
Cylinder,0.000e+00,1.320e+00,1.250e-01
Cylinder,2.905e+00,1.320e+00,1.250e-01
Cylinder,-2.905e+00,8.800e-01,1.250e-01
Cylinder,-2.490e+00,8.800e-01,1.250e-01
Cylinder,0.000e+00,8.800e-01,1.250e-01
Cylinder,2.905e+00,8.800e-01,1.250e-01
Cylinder,-2.905e+00,4.400e-01,1.250e-01
Cylinder,-2.490e+00,4.400e-01,1.250e-01
Cylinder,0.000e+00,4.400e-01,1.250e-01
Cylinder,2.905e+00,4.400e-01,1.250e-01
Cylinder,-2.905e+00,0.000e+00,1.250e-01
Cylinder,-2.490e+00,0.000e+00,1.250e-01
Cylinder,-2.075e+00,0.000e+00,1.250e-01
Cylinder,-1.660e+00,0.000e+00,1.250e-01
Cylinder,-1.245e+00,0.000e+00,1.250e-01
Cylinder,-8.300e-01,0.000e+00,1.250e-01
Cylinder,-4.150e-01,0.000e+00,1.250e-01
Cylinder,0.000e+00,0.000e+00,1.250e-01
Cylinder,2.905e+00,0.000e+00,1.250e-01
Cylinder,-2.905e+00,-4.400e-01,1.250e-01
Cylinder,-2.490e+00,-4.400e-01,1.250e-01
Cylinder,0.000e+00,-4.400e-01,1.250e-01
Cylinder,2.075e+00,-4.400e-01,1.250e-01
Cylinder,2.490e+00,-4.400e-01,1.250e-01
Cylinder,2.905e+00,-4.400e-01,1.250e-01
Cylinder,-2.905e+00,-8.800e-01,1.250e-01
Cylinder,-2.490e+00,-8.800e-01,1.250e-01
Cylinder,0.000e+00,-8.800e-01,1.250e-01
Cylinder,2.075e+00,-8.800e-01,1.250e-01
Cylinder,2.490e+00,-8.800e-01,1.250e-01
Cylinder,2.905e+00,-8.800e-01,1.250e-01
Cylinder,-2.905e+00,-1.320e+00,1.250e-01
Cylinder,-2.490e+00,-1.320e+00,1.250e-01
Cylinder,0.000e+00,-1.320e+00,1.250e-01
Cylinder,4.150e-01,-1.320e+00,1.250e-01
Cylinder,8.300e-01,-1.320e+00,1.250e-01
Cylinder,1.245e+00,-1.320e+00,1.250e-01
Cylinder,1.660e+00,-1.320e+00,1.250e-01
Cylinder,2.075e+00,-1.320e+00,1.250e-01
Cylinder,2.490e+00,-1.320e+00,1.250e-01
Cylinder,2.905e+00,-1.320e+00,1.250e-01
Cylinder,-2.905e+00,-1.760e+00,1.250e-01
Cylinder,-2.490e+00,-1.760e+00,1.250e-01
Cylinder,-2.075e+00,-1.760e+00,1.250e-01
Cylinder,-1.660e+00,-1.760e+00,1.250e-01
Cylinder,-1.245e+00,-1.760e+00,1.250e-01
Cylinder,-8.300e-01,-1.760e+00,1.250e-01
Cylinder,-4.150e-01,-1.760e+00,1.250e-01
Cylinder,0.000e+00,-1.760e+00,1.250e-01
Cylinder,4.150e-01,-1.760e+00,1.250e-01
Cylinder,8.300e-01,-1.760e+00,1.250e-01
Cylinder,1.245e+00,-1.760e+00,1.250e-01
Cylinder,1.660e+00,-1.760e+00,1.250e-01
Cylinder,2.075e+00,-1.760e+00,1.250e-01
Cylinder,2.490e+00,-1.760e+00,1.250e-01
Cylinder,2.905e+00,-1.760e+00,1.250e-01
Cylinder,-2.905e+00,-2.200e+00,1.250e-01
Cylinder,-2.490e+00,-2.200e+00,1.250e-01
Cylinder,-2.075e+00,-2.200e+00,1.250e-01
Cylinder,-1.660e+00,-2.200e+00,1.250e-01
Cylinder,-1.245e+00,-2.200e+00,1.250e-01
Cylinder,-8.300e-01,-2.200e+00,1.250e-01
Cylinder,-4.150e-01,-2.200e+00,1.250e-01
Cylinder,0.000e+00,-2.200e+00,1.250e-01
Cylinder,4.150e-01,-2.200e+00,1.250e-01
Cylinder,8.300e-01,-2.200e+00,1.250e-01
Cylinder,1.245e+00,-2.200e+00,1.250e-01
Cylinder,1.660e+00,-2.200e+00,1.250e-01
Cylinder,2.075e+00,-2.200e+00,1.250e-01
Cylinder,2.490e+00,-2.200e+00,1.250e-01
Cylinder,2.905e+00,-2.200e+00,1.250e-01
*Layer,Package
Location,0,0
Thickness,5.000e-01
Length,6.655e+00,5.255e+00
*End