*Translation,27.53499954,-4.429998759999999,0.3910000000000001
*Rotation,90
*Mirror,False
*IsTop,True
*Layer,SolderJointWarpage,SolderJointWarped
Location,0,0,0.0
Length,7.360e+00,8.240e+00
Thickness,8.000e-02
DetailSolder,True
MisalignmentAngle,0,0.0
SurfaceTension,480.0
SMD,PIN1,-2.970e+00,3.589e+00,1.000e-01,-2.970e+00,3.589e+00,1.000e-01,1.500e-01,0.01,0.01,None
SMD,PIN2,-2.475e+00,3.589e+00,1.000e-01,-2.475e+00,3.589e+00,1.000e-01,1.500e-01,0.01,0.01,None
SMD,PIN3,-1.980e+00,3.589e+00,1.000e-01,-1.980e+00,3.589e+00,1.000e-01,1.500e-01,0.01,0.01,None
SMD,PIN4,-1.485e+00,3.589e+00,1.000e-01,-1.485e+00,3.589e+00,1.000e-01,1.500e-01,0.01,0.01,None
SMD,PIN5,-9.900e-01,3.589e+00,1.000e-01,-9.900e-01,3.589e+00,1.000e-01,1.500e-01,0.01,0.01,None
SMD,PIN6,-4.950e-01,3.589e+00,1.000e-01,-4.950e-01,3.589e+00,1.000e-01,1.500e-01,0.01,0.01,None
SMD,PIN7,0.000e+00,3.589e+00,1.000e-01,0.000e+00,3.589e+00,1.000e-01,1.500e-01,0.01,0.01,None
SMD,PIN8,4.950e-01,3.589e+00,1.000e-01,4.950e-01,3.589e+00,1.000e-01,1.500e-01,0.01,0.01,None
SMD,PIN9,9.900e-01,3.589e+00,1.000e-01,9.900e-01,3.589e+00,1.000e-01,1.500e-01,0.01,0.01,None
SMD,PIN10,1.485e+00,3.589e+00,1.000e-01,1.485e+00,3.589e+00,1.000e-01,1.500e-01,0.01,0.01,None
SMD,PIN11,1.980e+00,3.589e+00,1.000e-01,1.980e+00,3.589e+00,1.000e-01,1.500e-01,0.01,0.01,None
SMD,PIN12,2.475e+00,3.589e+00,1.000e-01,2.475e+00,3.589e+00,1.000e-01,1.500e-01,0.01,0.01,None
SMD,PIN13,2.970e+00,3.589e+00,1.000e-01,2.970e+00,3.589e+00,1.000e-01,1.500e-01,0.01,0.01,None
SMD,PIN14,-2.970e+00,-1.361e+00,1.000e-01,-2.970e+00,-1.361e+00,1.000e-01,1.500e-01,0.01,0.01,None
SMD,PIN15,-2.475e+00,-1.361e+00,1.000e-01,-2.475e+00,-1.361e+00,1.000e-01,1.500e-01,0.01,0.01,None
SMD,PIN16,-1.980e+00,-1.361e+00,1.000e-01,-1.980e+00,-1.361e+00,1.000e-01,1.500e-01,0.01,0.01,None
SMD,PIN17,-1.485e+00,-1.361e+00,1.000e-01,-1.485e+00,-1.361e+00,1.000e-01,1.500e-01,0.01,0.01,None
SMD,PIN18,-9.900e-01,-1.361e+00,1.000e-01,-9.900e-01,-1.361e+00,1.000e-01,1.500e-01,0.01,0.01,None
SMD,PIN19,-4.950e-01,-1.361e+00,1.000e-01,-4.950e-01,-1.361e+00,1.000e-01,1.500e-01,0.01,0.01,None
SMD,PIN20,0.000e+00,-1.361e+00,1.000e-01,0.000e+00,-1.361e+00,1.000e-01,1.500e-01,0.01,0.01,None
SMD,PIN21,4.950e-01,-1.361e+00,1.000e-01,4.950e-01,-1.361e+00,1.000e-01,1.500e-01,0.01,0.01,None
SMD,PIN22,9.900e-01,-1.361e+00,1.000e-01,9.900e-01,-1.361e+00,1.000e-01,1.500e-01,0.01,0.01,None
SMD,PIN23,1.485e+00,-1.361e+00,1.000e-01,1.485e+00,-1.361e+00,1.000e-01,1.500e-01,0.01,0.01,None
SMD,PIN24,1.980e+00,-1.361e+00,1.000e-01,1.980e+00,-1.361e+00,1.000e-01,1.500e-01,0.01,0.01,None
SMD,PIN25,2.475e+00,-1.361e+00,1.000e-01,2.475e+00,-1.361e+00,1.000e-01,1.500e-01,0.01,0.01,None
SMD,PIN26,2.970e+00,-1.361e+00,1.000e-01,2.970e+00,-1.361e+00,1.000e-01,1.500e-01,0.01,0.01,None
SMD,PIN27,-3.217e+00,-1.609e+00,1.000e-01,-3.217e+00,-1.609e+00,1.000e-01,1.500e-01,0.01,0.01,None
SMD,PIN28,-2.722e+00,-1.609e+00,1.000e-01,-2.722e+00,-1.609e+00,1.000e-01,1.500e-01,0.01,0.01,None
SMD,PIN29,-2.228e+00,-1.609e+00,1.000e-01,-2.228e+00,-1.609e+00,1.000e-01,1.500e-01,0.01,0.01,None
SMD,PIN30,-1.733e+00,-1.609e+00,1.000e-01,-1.733e+00,-1.609e+00,1.000e-01,1.500e-01,0.01,0.01,None
SMD,PIN31,-1.238e+00,-1.609e+00,1.000e-01,-1.238e+00,-1.609e+00,1.000e-01,1.500e-01,0.01,0.01,None
SMD,PIN32,-7.425e-01,-1.609e+00,1.000e-01,-7.425e-01,-1.609e+00,1.000e-01,1.500e-01,0.01,0.01,None
SMD,PIN33,-2.475e-01,-1.609e+00,1.000e-01,-2.475e-01,-1.609e+00,1.000e-01,1.500e-01,0.01,0.01,None
SMD,PIN34,2.475e-01,-1.609e+00,1.000e-01,2.475e-01,-1.609e+00,1.000e-01,1.500e-01,0.01,0.01,None
SMD,PIN35,7.425e-01,-1.609e+00,1.000e-01,7.425e-01,-1.609e+00,1.000e-01,1.500e-01,0.01,0.01,None
SMD,PIN36,1.238e+00,-1.609e+00,1.000e-01,1.238e+00,-1.609e+00,1.000e-01,1.500e-01,0.01,0.01,None
SMD,PIN37,1.733e+00,-1.609e+00,1.000e-01,1.733e+00,-1.609e+00,1.000e-01,1.500e-01,0.01,0.01,None
SMD,PIN38,2.228e+00,-1.609e+00,1.000e-01,2.228e+00,-1.609e+00,1.000e-01,1.500e-01,0.01,0.01,None
SMD,PIN39,2.722e+00,-1.609e+00,1.000e-01,2.722e+00,-1.609e+00,1.000e-01,1.500e-01,0.01,0.01,None
SMD,PIN40,3.217e+00,-1.609e+00,1.000e-01,3.217e+00,-1.609e+00,1.000e-01,1.500e-01,0.01,0.01,None
SMD,PIN41,-2.970e+00,-1.856e+00,1.000e-01,-2.970e+00,-1.856e+00,1.000e-01,1.500e-01,0.01,0.01,None
SMD,PIN42,-2.475e+00,-1.856e+00,1.000e-01,-2.475e+00,-1.856e+00,1.000e-01,1.500e-01,0.01,0.01,None
SMD,PIN43,-1.980e+00,-1.856e+00,1.000e-01,-1.980e+00,-1.856e+00,1.000e-01,1.500e-01,0.01,0.01,None
SMD,PIN44,-1.485e+00,-1.856e+00,1.000e-01,-1.485e+00,-1.856e+00,1.000e-01,1.500e-01,0.01,0.01,None
SMD,PIN45,-9.900e-01,-1.856e+00,1.000e-01,-9.900e-01,-1.856e+00,1.000e-01,1.500e-01,0.01,0.01,None
SMD,PIN46,-4.950e-01,-1.856e+00,1.000e-01,-4.950e-01,-1.856e+00,1.000e-01,1.500e-01,0.01,0.01,None
SMD,PIN47,0.000e+00,-1.856e+00,1.000e-01,0.000e+00,-1.856e+00,1.000e-01,1.500e-01,0.01,0.01,None
SMD,PIN48,4.950e-01,-1.856e+00,1.000e-01,4.950e-01,-1.856e+00,1.000e-01,1.500e-01,0.01,0.01,None
SMD,PIN49,9.900e-01,-1.856e+00,1.000e-01,9.900e-01,-1.856e+00,1.000e-01,1.500e-01,0.01,0.01,None
SMD,PIN50,1.485e+00,-1.856e+00,1.000e-01,1.485e+00,-1.856e+00,1.000e-01,1.500e-01,0.01,0.01,None
SMD,PIN51,1.980e+00,-1.856e+00,1.000e-01,1.980e+00,-1.856e+00,1.000e-01,1.500e-01,0.01,0.01,None
SMD,PIN52,2.475e+00,-1.856e+00,1.000e-01,2.475e+00,-1.856e+00,1.000e-01,1.500e-01,0.01,0.01,None
SMD,PIN53,2.970e+00,-1.856e+00,1.000e-01,2.970e+00,-1.856e+00,1.000e-01,1.500e-01,0.01,0.01,None
SMD,PIN54,-3.217e+00,-2.104e+00,1.000e-01,-3.217e+00,-2.104e+00,1.000e-01,1.500e-01,0.01,0.01,None
SMD,PIN55,-2.722e+00,-2.104e+00,1.000e-01,-2.722e+00,-2.104e+00,1.000e-01,1.500e-01,0.01,0.01,None
SMD,PIN56,-2.228e+00,-2.104e+00,1.000e-01,-2.228e+00,-2.104e+00,1.000e-01,1.500e-01,0.01,0.01,None
SMD,PIN57,-1.733e+00,-2.104e+00,1.000e-01,-1.733e+00,-2.104e+00,1.000e-01,1.500e-01,0.01,0.01,None
SMD,PIN58,-1.238e+00,-2.104e+00,1.000e-01,-1.238e+00,-2.104e+00,1.000e-01,1.500e-01,0.01,0.01,None
SMD,PIN59,-7.425e-01,-2.104e+00,1.000e-01,-7.425e-01,-2.104e+00,1.000e-01,1.500e-01,0.01,0.01,None
SMD,PIN60,-2.475e-01,-2.104e+00,1.000e-01,-2.475e-01,-2.104e+00,1.000e-01,1.500e-01,0.01,0.01,None
SMD,PIN61,2.475e-01,-2.104e+00,1.000e-01,2.475e-01,-2.104e+00,1.000e-01,1.500e-01,0.01,0.01,None
SMD,PIN62,7.425e-01,-2.104e+00,1.000e-01,7.425e-01,-2.104e+00,1.000e-01,1.500e-01,0.01,0.01,None
SMD,PIN63,1.238e+00,-2.104e+00,1.000e-01,1.238e+00,-2.104e+00,1.000e-01,1.500e-01,0.01,0.01,None
SMD,PIN64,1.733e+00,-2.104e+00,1.000e-01,1.733e+00,-2.104e+00,1.000e-01,1.500e-01,0.01,0.01,None
SMD,PIN65,2.228e+00,-2.104e+00,1.000e-01,2.228e+00,-2.104e+00,1.000e-01,1.500e-01,0.01,0.01,None
SMD,PIN66,2.722e+00,-2.104e+00,1.000e-01,2.722e+00,-2.104e+00,1.000e-01,1.500e-01,0.01,0.01,None
SMD,PIN67,3.217e+00,-2.104e+00,1.000e-01,3.217e+00,-2.104e+00,1.000e-01,1.500e-01,0.01,0.01,None
SMD,PIN68,-2.970e+00,-2.351e+00,1.000e-01,-2.970e+00,-2.351e+00,1.000e-01,1.500e-01,0.01,0.01,None
SMD,PIN69,-2.475e+00,-2.351e+00,1.000e-01,-2.475e+00,-2.351e+00,1.000e-01,1.500e-01,0.01,0.01,None
SMD,PIN70,-1.980e+00,-2.351e+00,1.000e-01,-1.980e+00,-2.351e+00,1.000e-01,1.500e-01,0.01,0.01,None
SMD,PIN71,-1.485e+00,-2.351e+00,1.000e-01,-1.485e+00,-2.351e+00,1.000e-01,1.500e-01,0.01,0.01,None
SMD,PIN72,-9.900e-01,-2.351e+00,1.000e-01,-9.900e-01,-2.351e+00,1.000e-01,1.500e-01,0.01,0.01,None
SMD,PIN73,-4.950e-01,-2.351e+00,1.000e-01,-4.950e-01,-2.351e+00,1.000e-01,1.500e-01,0.01,0.01,None
SMD,PIN74,0.000e+00,-2.351e+00,1.000e-01,0.000e+00,-2.351e+00,1.000e-01,1.500e-01,0.01,0.01,None
SMD,PIN75,4.950e-01,-2.351e+00,1.000e-01,4.950e-01,-2.351e+00,1.000e-01,1.500e-01,0.01,0.01,None
SMD,PIN76,9.900e-01,-2.351e+00,1.000e-01,9.900e-01,-2.351e+00,1.000e-01,1.500e-01,0.01,0.01,None
SMD,PIN77,1.485e+00,-2.351e+00,1.000e-01,1.485e+00,-2.351e+00,1.000e-01,1.500e-01,0.01,0.01,None
SMD,PIN78,1.980e+00,-2.351e+00,1.000e-01,1.980e+00,-2.351e+00,1.000e-01,1.500e-01,0.01,0.01,None
SMD,PIN79,2.475e+00,-2.351e+00,1.000e-01,2.475e+00,-2.351e+00,1.000e-01,1.500e-01,0.01,0.01,None
SMD,PIN80,2.970e+00,-2.351e+00,1.000e-01,2.970e+00,-2.351e+00,1.000e-01,1.500e-01,0.01,0.01,None
SMD,PIN81,-3.217e+00,-2.599e+00,1.000e-01,-3.217e+00,-2.599e+00,1.000e-01,1.500e-01,0.01,0.01,None
SMD,PIN82,-2.722e+00,-2.599e+00,1.000e-01,-2.722e+00,-2.599e+00,1.000e-01,1.500e-01,0.01,0.01,None
SMD,PIN83,-2.228e+00,-2.599e+00,1.000e-01,-2.228e+00,-2.599e+00,1.000e-01,1.500e-01,0.01,0.01,None
SMD,PIN84,-1.733e+00,-2.599e+00,1.000e-01,-1.733e+00,-2.599e+00,1.000e-01,1.500e-01,0.01,0.01,None
SMD,PIN85,-1.238e+00,-2.599e+00,1.000e-01,-1.238e+00,-2.599e+00,1.000e-01,1.500e-01,0.01,0.01,None
SMD,PIN86,-7.425e-01,-2.599e+00,1.000e-01,-7.425e-01,-2.599e+00,1.000e-01,1.500e-01,0.01,0.01,None
SMD,PIN87,-2.475e-01,-2.599e+00,1.000e-01,-2.475e-01,-2.599e+00,1.000e-01,1.500e-01,0.01,0.01,None
SMD,PIN88,2.475e-01,-2.599e+00,1.000e-01,2.475e-01,-2.599e+00,1.000e-01,1.500e-01,0.01,0.01,None
SMD,PIN89,7.425e-01,-2.599e+00,1.000e-01,7.425e-01,-2.599e+00,1.000e-01,1.500e-01,0.01,0.01,None
SMD,PIN90,1.238e+00,-2.599e+00,1.000e-01,1.238e+00,-2.599e+00,1.000e-01,1.500e-01,0.01,0.01,None
SMD,PIN91,1.733e+00,-2.599e+00,1.000e-01,1.733e+00,-2.599e+00,1.000e-01,1.500e-01,0.01,0.01,None
SMD,PIN92,2.228e+00,-2.599e+00,1.000e-01,2.228e+00,-2.599e+00,1.000e-01,1.500e-01,0.01,0.01,None
SMD,PIN93,2.722e+00,-2.599e+00,1.000e-01,2.722e+00,-2.599e+00,1.000e-01,1.500e-01,0.01,0.01,None
SMD,PIN94,3.217e+00,-2.599e+00,1.000e-01,3.217e+00,-2.599e+00,1.000e-01,1.500e-01,0.01,0.01,None
SMD,PIN95,-2.970e+00,-2.846e+00,1.000e-01,-2.970e+00,-2.846e+00,1.000e-01,1.500e-01,0.01,0.01,None
SMD,PIN96,-2.475e+00,-2.846e+00,1.000e-01,-2.475e+00,-2.846e+00,1.000e-01,1.500e-01,0.01,0.01,None
SMD,PIN97,-1.980e+00,-2.846e+00,1.000e-01,-1.980e+00,-2.846e+00,1.000e-01,1.500e-01,0.01,0.01,None
SMD,PIN98,-1.485e+00,-2.846e+00,1.000e-01,-1.485e+00,-2.846e+00,1.000e-01,1.500e-01,0.01,0.01,None
SMD,PIN99,-9.900e-01,-2.846e+00,1.000e-01,-9.900e-01,-2.846e+00,1.000e-01,1.500e-01,0.01,0.01,None
SMD,PIN100,-4.950e-01,-2.846e+00,1.000e-01,-4.950e-01,-2.846e+00,1.000e-01,1.500e-01,0.01,0.01,None
SMD,PIN101,0.000e+00,-2.846e+00,1.000e-01,0.000e+00,-2.846e+00,1.000e-01,1.500e-01,0.01,0.01,None
SMD,PIN102,4.950e-01,-2.846e+00,1.000e-01,4.950e-01,-2.846e+00,1.000e-01,1.500e-01,0.01,0.01,None
SMD,PIN103,9.900e-01,-2.846e+00,1.000e-01,9.900e-01,-2.846e+00,1.000e-01,1.500e-01,0.01,0.01,None
SMD,PIN104,1.485e+00,-2.846e+00,1.000e-01,1.485e+00,-2.846e+00,1.000e-01,1.500e-01,0.01,0.01,None
SMD,PIN105,1.980e+00,-2.846e+00,1.000e-01,1.980e+00,-2.846e+00,1.000e-01,1.500e-01,0.01,0.01,None
SMD,PIN106,2.475e+00,-2.846e+00,1.000e-01,2.475e+00,-2.846e+00,1.000e-01,1.500e-01,0.01,0.01,None
SMD,PIN107,2.970e+00,-2.846e+00,1.000e-01,2.970e+00,-2.846e+00,1.000e-01,1.500e-01,0.01,0.01,None
SMD,PIN108,-3.217e+00,-3.094e+00,1.000e-01,-3.217e+00,-3.094e+00,1.000e-01,1.500e-01,0.01,0.01,None
SMD,PIN109,-2.722e+00,-3.094e+00,1.000e-01,-2.722e+00,-3.094e+00,1.000e-01,1.500e-01,0.01,0.01,None
SMD,PIN110,-2.228e+00,-3.094e+00,1.000e-01,-2.228e+00,-3.094e+00,1.000e-01,1.500e-01,0.01,0.01,None
SMD,PIN111,-1.733e+00,-3.094e+00,1.000e-01,-1.733e+00,-3.094e+00,1.000e-01,1.500e-01,0.01,0.01,None
SMD,PIN112,-1.238e+00,-3.094e+00,1.000e-01,-1.238e+00,-3.094e+00,1.000e-01,1.500e-01,0.01,0.01,None
SMD,PIN113,-7.425e-01,-3.094e+00,1.000e-01,-7.425e-01,-3.094e+00,1.000e-01,1.500e-01,0.01,0.01,None
SMD,PIN114,-2.475e-01,-3.094e+00,1.000e-01,-2.475e-01,-3.094e+00,1.000e-01,1.500e-01,0.01,0.01,None
SMD,PIN115,2.475e-01,-3.094e+00,1.000e-01,2.475e-01,-3.094e+00,1.000e-01,1.500e-01,0.01,0.01,None
SMD,PIN116,7.425e-01,-3.094e+00,1.000e-01,7.425e-01,-3.094e+00,1.000e-01,1.500e-01,0.01,0.01,None
SMD,PIN117,1.238e+00,-3.094e+00,1.000e-01,1.238e+00,-3.094e+00,1.000e-01,1.500e-01,0.01,0.01,None
SMD,PIN118,1.733e+00,-3.094e+00,1.000e-01,1.733e+00,-3.094e+00,1.000e-01,1.500e-01,0.01,0.01,None
SMD,PIN119,2.228e+00,-3.094e+00,1.000e-01,2.228e+00,-3.094e+00,1.000e-01,1.500e-01,0.01,0.01,None
SMD,PIN120,2.722e+00,-3.094e+00,1.000e-01,2.722e+00,-3.094e+00,1.000e-01,1.500e-01,0.01,0.01,None
SMD,PIN121,3.217e+00,-3.094e+00,1.000e-01,3.217e+00,-3.094e+00,1.000e-01,1.500e-01,0.01,0.01,None
SMD,PIN122,-2.970e+00,-3.341e+00,1.000e-01,-2.970e+00,-3.341e+00,1.000e-01,1.500e-01,0.01,0.01,None
SMD,PIN123,-2.475e+00,-3.341e+00,1.000e-01,-2.475e+00,-3.341e+00,1.000e-01,1.500e-01,0.01,0.01,None
SMD,PIN124,-1.980e+00,-3.341e+00,1.000e-01,-1.980e+00,-3.341e+00,1.000e-01,1.500e-01,0.01,0.01,None
SMD,PIN125,-1.485e+00,-3.341e+00,1.000e-01,-1.485e+00,-3.341e+00,1.000e-01,1.500e-01,0.01,0.01,None
SMD,PIN126,-9.900e-01,-3.341e+00,1.000e-01,-9.900e-01,-3.341e+00,1.000e-01,1.500e-01,0.01,0.01,None
SMD,PIN127,-4.950e-01,-3.341e+00,1.000e-01,-4.950e-01,-3.341e+00,1.000e-01,1.500e-01,0.01,0.01,None
SMD,PIN128,0.000e+00,-3.341e+00,1.000e-01,0.000e+00,-3.341e+00,1.000e-01,1.500e-01,0.01,0.01,None
SMD,PIN129,4.950e-01,-3.341e+00,1.000e-01,4.950e-01,-3.341e+00,1.000e-01,1.500e-01,0.01,0.01,None
SMD,PIN130,9.900e-01,-3.341e+00,1.000e-01,9.900e-01,-3.341e+00,1.000e-01,1.500e-01,0.01,0.01,None
SMD,PIN131,1.485e+00,-3.341e+00,1.000e-01,1.485e+00,-3.341e+00,1.000e-01,1.500e-01,0.01,0.01,None
SMD,PIN132,1.980e+00,-3.341e+00,1.000e-01,1.980e+00,-3.341e+00,1.000e-01,1.500e-01,0.01,0.01,None
SMD,PIN133,2.475e+00,-3.341e+00,1.000e-01,2.475e+00,-3.341e+00,1.000e-01,1.500e-01,0.01,0.01,None
SMD,PIN134,2.970e+00,-3.341e+00,1.000e-01,2.970e+00,-3.341e+00,1.000e-01,1.500e-01,0.01,0.01,None
SMD,PIN135,-3.217e+00,-3.589e+00,1.000e-01,-3.217e+00,-3.589e+00,1.000e-01,1.500e-01,0.01,0.01,None
SMD,PIN136,-2.722e+00,-3.589e+00,1.000e-01,-2.722e+00,-3.589e+00,1.000e-01,1.500e-01,0.01,0.01,None
SMD,PIN137,-2.228e+00,-3.589e+00,1.000e-01,-2.228e+00,-3.589e+00,1.000e-01,1.500e-01,0.01,0.01,None
SMD,PIN138,-1.733e+00,-3.589e+00,1.000e-01,-1.733e+00,-3.589e+00,1.000e-01,1.500e-01,0.01,0.01,None
SMD,PIN139,-1.238e+00,-3.589e+00,1.000e-01,-1.238e+00,-3.589e+00,1.000e-01,1.500e-01,0.01,0.01,None
SMD,PIN140,-7.425e-01,-3.589e+00,1.000e-01,-7.425e-01,-3.589e+00,1.000e-01,1.500e-01,0.01,0.01,None
SMD,PIN141,-2.475e-01,-3.589e+00,1.000e-01,-2.475e-01,-3.589e+00,1.000e-01,1.500e-01,0.01,0.01,None
SMD,PIN142,2.475e-01,-3.589e+00,1.000e-01,2.475e-01,-3.589e+00,1.000e-01,1.500e-01,0.01,0.01,None
SMD,PIN143,7.425e-01,-3.589e+00,1.000e-01,7.425e-01,-3.589e+00,1.000e-01,1.500e-01,0.01,0.01,None
SMD,PIN144,1.238e+00,-3.589e+00,1.000e-01,1.238e+00,-3.589e+00,1.000e-01,1.500e-01,0.01,0.01,None
SMD,PIN145,1.733e+00,-3.589e+00,1.000e-01,1.733e+00,-3.589e+00,1.000e-01,1.500e-01,0.01,0.01,None
SMD,PIN146,2.228e+00,-3.589e+00,1.000e-01,2.228e+00,-3.589e+00,1.000e-01,1.500e-01,0.01,0.01,None
SMD,PIN147,2.722e+00,-3.589e+00,1.000e-01,2.722e+00,-3.589e+00,1.000e-01,1.500e-01,0.01,0.01,None
SMD,PIN148,3.217e+00,-3.589e+00,1.000e-01,3.217e+00,-3.589e+00,1.000e-01,1.500e-01,0.01,0.01,None
SMD,PIN149,-3.217e+00,3.341e+00,1.000e-01,-3.217e+00,3.341e+00,1.000e-01,1.500e-01,0.01,0.01,None
SMD,PIN150,-2.722e+00,3.341e+00,1.000e-01,-2.722e+00,3.341e+00,1.000e-01,1.500e-01,0.01,0.01,None
SMD,PIN151,-2.228e+00,3.341e+00,1.000e-01,-2.228e+00,3.341e+00,1.000e-01,1.500e-01,0.01,0.01,None
SMD,PIN152,-1.733e+00,3.341e+00,1.000e-01,-1.733e+00,3.341e+00,1.000e-01,1.500e-01,0.01,0.01,None
SMD,PIN153,-1.238e+00,3.341e+00,1.000e-01,-1.238e+00,3.341e+00,1.000e-01,1.500e-01,0.01,0.01,None
SMD,PIN154,-7.425e-01,3.341e+00,1.000e-01,-7.425e-01,3.341e+00,1.000e-01,1.500e-01,0.01,0.01,None
SMD,PIN155,-2.475e-01,3.341e+00,1.000e-01,-2.475e-01,3.341e+00,1.000e-01,1.500e-01,0.01,0.01,None
SMD,PIN156,2.475e-01,3.341e+00,1.000e-01,2.475e-01,3.341e+00,1.000e-01,1.500e-01,0.01,0.01,None
SMD,PIN157,7.425e-01,3.341e+00,1.000e-01,7.425e-01,3.341e+00,1.000e-01,1.500e-01,0.01,0.01,None
SMD,PIN158,1.238e+00,3.341e+00,1.000e-01,1.238e+00,3.341e+00,1.000e-01,1.500e-01,0.01,0.01,None
SMD,PIN159,1.733e+00,3.341e+00,1.000e-01,1.733e+00,3.341e+00,1.000e-01,1.500e-01,0.01,0.01,None
SMD,PIN160,2.228e+00,3.341e+00,1.000e-01,2.228e+00,3.341e+00,1.000e-01,1.500e-01,0.01,0.01,None
SMD,PIN161,2.722e+00,3.341e+00,1.000e-01,2.722e+00,3.341e+00,1.000e-01,1.500e-01,0.01,0.01,None
SMD,PIN162,3.217e+00,3.341e+00,1.000e-01,3.217e+00,3.341e+00,1.000e-01,1.500e-01,0.01,0.01,None
SMD,PIN163,-2.970e+00,3.094e+00,1.000e-01,-2.970e+00,3.094e+00,1.000e-01,1.500e-01,0.01,0.01,None
SMD,PIN164,-2.475e+00,3.094e+00,1.000e-01,-2.475e+00,3.094e+00,1.000e-01,1.500e-01,0.01,0.01,None
SMD,PIN165,-1.980e+00,3.094e+00,1.000e-01,-1.980e+00,3.094e+00,1.000e-01,1.500e-01,0.01,0.01,None
SMD,PIN166,-1.485e+00,3.094e+00,1.000e-01,-1.485e+00,3.094e+00,1.000e-01,1.500e-01,0.01,0.01,None
SMD,PIN167,-9.900e-01,3.094e+00,1.000e-01,-9.900e-01,3.094e+00,1.000e-01,1.500e-01,0.01,0.01,None
SMD,PIN168,-4.950e-01,3.094e+00,1.000e-01,-4.950e-01,3.094e+00,1.000e-01,1.500e-01,0.01,0.01,None
SMD,PIN169,0.000e+00,3.094e+00,1.000e-01,0.000e+00,3.094e+00,1.000e-01,1.500e-01,0.01,0.01,None
SMD,PIN170,4.950e-01,3.094e+00,1.000e-01,4.950e-01,3.094e+00,1.000e-01,1.500e-01,0.01,0.01,None
SMD,PIN171,9.900e-01,3.094e+00,1.000e-01,9.900e-01,3.094e+00,1.000e-01,1.500e-01,0.01,0.01,None
SMD,PIN172,1.485e+00,3.094e+00,1.000e-01,1.485e+00,3.094e+00,1.000e-01,1.500e-01,0.01,0.01,None
SMD,PIN173,1.980e+00,3.094e+00,1.000e-01,1.980e+00,3.094e+00,1.000e-01,1.500e-01,0.01,0.01,None
SMD,PIN174,2.475e+00,3.094e+00,1.000e-01,2.475e+00,3.094e+00,1.000e-01,1.500e-01,0.01,0.01,None
SMD,PIN175,2.970e+00,3.094e+00,1.000e-01,2.970e+00,3.094e+00,1.000e-01,1.500e-01,0.01,0.01,None
SMD,PIN176,-3.217e+00,2.846e+00,1.000e-01,-3.217e+00,2.846e+00,1.000e-01,1.500e-01,0.01,0.01,None
SMD,PIN177,-2.722e+00,2.846e+00,1.000e-01,-2.722e+00,2.846e+00,1.000e-01,1.500e-01,0.01,0.01,None
SMD,PIN178,-2.228e+00,2.846e+00,1.000e-01,-2.228e+00,2.846e+00,1.000e-01,1.500e-01,0.01,0.01,None
SMD,PIN179,-1.733e+00,2.846e+00,1.000e-01,-1.733e+00,2.846e+00,1.000e-01,1.500e-01,0.01,0.01,None
SMD,PIN180,-1.238e+00,2.846e+00,1.000e-01,-1.238e+00,2.846e+00,1.000e-01,1.500e-01,0.01,0.01,None
SMD,PIN181,-7.425e-01,2.846e+00,1.000e-01,-7.425e-01,2.846e+00,1.000e-01,1.500e-01,0.01,0.01,None
SMD,PIN182,-2.475e-01,2.846e+00,1.000e-01,-2.475e-01,2.846e+00,1.000e-01,1.500e-01,0.01,0.01,None
SMD,PIN183,2.475e-01,2.846e+00,1.000e-01,2.475e-01,2.846e+00,1.000e-01,1.500e-01,0.01,0.01,None
SMD,PIN184,7.425e-01,2.846e+00,1.000e-01,7.425e-01,2.846e+00,1.000e-01,1.500e-01,0.01,0.01,None
SMD,PIN185,1.238e+00,2.846e+00,1.000e-01,1.238e+00,2.846e+00,1.000e-01,1.500e-01,0.01,0.01,None
SMD,PIN186,1.733e+00,2.846e+00,1.000e-01,1.733e+00,2.846e+00,1.000e-01,1.500e-01,0.01,0.01,None
SMD,PIN187,2.228e+00,2.846e+00,1.000e-01,2.228e+00,2.846e+00,1.000e-01,1.500e-01,0.01,0.01,None
SMD,PIN188,2.722e+00,2.846e+00,1.000e-01,2.722e+00,2.846e+00,1.000e-01,1.500e-01,0.01,0.01,None
SMD,PIN189,3.217e+00,2.846e+00,1.000e-01,3.217e+00,2.846e+00,1.000e-01,1.500e-01,0.01,0.01,None
SMD,PIN190,-2.970e+00,2.599e+00,1.000e-01,-2.970e+00,2.599e+00,1.000e-01,1.500e-01,0.01,0.01,None
SMD,PIN191,-2.475e+00,2.599e+00,1.000e-01,-2.475e+00,2.599e+00,1.000e-01,1.500e-01,0.01,0.01,None
SMD,PIN192,-1.980e+00,2.599e+00,1.000e-01,-1.980e+00,2.599e+00,1.000e-01,1.500e-01,0.01,0.01,None
SMD,PIN193,-1.485e+00,2.599e+00,1.000e-01,-1.485e+00,2.599e+00,1.000e-01,1.500e-01,0.01,0.01,None
SMD,PIN194,-9.900e-01,2.599e+00,1.000e-01,-9.900e-01,2.599e+00,1.000e-01,1.500e-01,0.01,0.01,None
SMD,PIN195,-4.950e-01,2.599e+00,1.000e-01,-4.950e-01,2.599e+00,1.000e-01,1.500e-01,0.01,0.01,None
SMD,PIN196,0.000e+00,2.599e+00,1.000e-01,0.000e+00,2.599e+00,1.000e-01,1.500e-01,0.01,0.01,None
SMD,PIN197,4.950e-01,2.599e+00,1.000e-01,4.950e-01,2.599e+00,1.000e-01,1.500e-01,0.01,0.01,None
SMD,PIN198,9.900e-01,2.599e+00,1.000e-01,9.900e-01,2.599e+00,1.000e-01,1.500e-01,0.01,0.01,None
SMD,PIN199,1.485e+00,2.599e+00,1.000e-01,1.485e+00,2.599e+00,1.000e-01,1.500e-01,0.01,0.01,None
SMD,PIN200,1.980e+00,2.599e+00,1.000e-01,1.980e+00,2.599e+00,1.000e-01,1.500e-01,0.01,0.01,None
SMD,PIN201,2.475e+00,2.599e+00,1.000e-01,2.475e+00,2.599e+00,1.000e-01,1.500e-01,0.01,0.01,None
SMD,PIN202,2.970e+00,2.599e+00,1.000e-01,2.970e+00,2.599e+00,1.000e-01,1.500e-01,0.01,0.01,None
SMD,PIN203,-3.217e+00,2.351e+00,1.000e-01,-3.217e+00,2.351e+00,1.000e-01,1.500e-01,0.01,0.01,None
SMD,PIN204,-2.722e+00,2.351e+00,1.000e-01,-2.722e+00,2.351e+00,1.000e-01,1.500e-01,0.01,0.01,None
SMD,PIN205,-2.228e+00,2.351e+00,1.000e-01,-2.228e+00,2.351e+00,1.000e-01,1.500e-01,0.01,0.01,None
SMD,PIN206,-1.733e+00,2.351e+00,1.000e-01,-1.733e+00,2.351e+00,1.000e-01,1.500e-01,0.01,0.01,None
SMD,PIN207,-1.238e+00,2.351e+00,1.000e-01,-1.238e+00,2.351e+00,1.000e-01,1.500e-01,0.01,0.01,None
SMD,PIN208,-7.425e-01,2.351e+00,1.000e-01,-7.425e-01,2.351e+00,1.000e-01,1.500e-01,0.01,0.01,None
SMD,PIN209,-2.475e-01,2.351e+00,1.000e-01,-2.475e-01,2.351e+00,1.000e-01,1.500e-01,0.01,0.01,None
SMD,PIN210,2.475e-01,2.351e+00,1.000e-01,2.475e-01,2.351e+00,1.000e-01,1.500e-01,0.01,0.01,None
SMD,PIN211,7.425e-01,2.351e+00,1.000e-01,7.425e-01,2.351e+00,1.000e-01,1.500e-01,0.01,0.01,None
SMD,PIN212,1.238e+00,2.351e+00,1.000e-01,1.238e+00,2.351e+00,1.000e-01,1.500e-01,0.01,0.01,None
SMD,PIN213,1.733e+00,2.351e+00,1.000e-01,1.733e+00,2.351e+00,1.000e-01,1.500e-01,0.01,0.01,None
SMD,PIN214,2.228e+00,2.351e+00,1.000e-01,2.228e+00,2.351e+00,1.000e-01,1.500e-01,0.01,0.01,None
SMD,PIN215,2.722e+00,2.351e+00,1.000e-01,2.722e+00,2.351e+00,1.000e-01,1.500e-01,0.01,0.01,None
SMD,PIN216,3.217e+00,2.351e+00,1.000e-01,3.217e+00,2.351e+00,1.000e-01,1.500e-01,0.01,0.01,None
SMD,PIN217,-2.970e+00,2.104e+00,1.000e-01,-2.970e+00,2.104e+00,1.000e-01,1.500e-01,0.01,0.01,None
SMD,PIN218,-2.475e+00,2.104e+00,1.000e-01,-2.475e+00,2.104e+00,1.000e-01,1.500e-01,0.01,0.01,None
SMD,PIN219,-1.980e+00,2.104e+00,1.000e-01,-1.980e+00,2.104e+00,1.000e-01,1.500e-01,0.01,0.01,None
SMD,PIN220,-1.485e+00,2.104e+00,1.000e-01,-1.485e+00,2.104e+00,1.000e-01,1.500e-01,0.01,0.01,None
SMD,PIN221,-9.900e-01,2.104e+00,1.000e-01,-9.900e-01,2.104e+00,1.000e-01,1.500e-01,0.01,0.01,None
SMD,PIN222,-4.950e-01,2.104e+00,1.000e-01,-4.950e-01,2.104e+00,1.000e-01,1.500e-01,0.01,0.01,None
SMD,PIN223,0.000e+00,2.104e+00,1.000e-01,0.000e+00,2.104e+00,1.000e-01,1.500e-01,0.01,0.01,None
SMD,PIN224,4.950e-01,2.104e+00,1.000e-01,4.950e-01,2.104e+00,1.000e-01,1.500e-01,0.01,0.01,None
SMD,PIN225,9.900e-01,2.104e+00,1.000e-01,9.900e-01,2.104e+00,1.000e-01,1.500e-01,0.01,0.01,None
SMD,PIN226,1.485e+00,2.104e+00,1.000e-01,1.485e+00,2.104e+00,1.000e-01,1.500e-01,0.01,0.01,None
SMD,PIN227,1.980e+00,2.104e+00,1.000e-01,1.980e+00,2.104e+00,1.000e-01,1.500e-01,0.01,0.01,None
SMD,PIN228,2.475e+00,2.104e+00,1.000e-01,2.475e+00,2.104e+00,1.000e-01,1.500e-01,0.01,0.01,None
SMD,PIN229,2.970e+00,2.104e+00,1.000e-01,2.970e+00,2.104e+00,1.000e-01,1.500e-01,0.01,0.01,None
SMD,PIN230,-3.217e+00,1.856e+00,1.000e-01,-3.217e+00,1.856e+00,1.000e-01,1.500e-01,0.01,0.01,None
SMD,PIN231,-2.722e+00,1.856e+00,1.000e-01,-2.722e+00,1.856e+00,1.000e-01,1.500e-01,0.01,0.01,None
SMD,PIN232,-2.228e+00,1.856e+00,1.000e-01,-2.228e+00,1.856e+00,1.000e-01,1.500e-01,0.01,0.01,None
SMD,PIN233,-1.733e+00,1.856e+00,1.000e-01,-1.733e+00,1.856e+00,1.000e-01,1.500e-01,0.01,0.01,None
SMD,PIN234,-1.238e+00,1.856e+00,1.000e-01,-1.238e+00,1.856e+00,1.000e-01,1.500e-01,0.01,0.01,None
SMD,PIN235,-7.425e-01,1.856e+00,1.000e-01,-7.425e-01,1.856e+00,1.000e-01,1.500e-01,0.01,0.01,None
SMD,PIN236,-2.475e-01,1.856e+00,1.000e-01,-2.475e-01,1.856e+00,1.000e-01,1.500e-01,0.01,0.01,None
SMD,PIN237,2.475e-01,1.856e+00,1.000e-01,2.475e-01,1.856e+00,1.000e-01,1.500e-01,0.01,0.01,None
SMD,PIN238,7.425e-01,1.856e+00,1.000e-01,7.425e-01,1.856e+00,1.000e-01,1.500e-01,0.01,0.01,None
SMD,PIN239,1.238e+00,1.856e+00,1.000e-01,1.238e+00,1.856e+00,1.000e-01,1.500e-01,0.01,0.01,None
SMD,PIN240,1.733e+00,1.856e+00,1.000e-01,1.733e+00,1.856e+00,1.000e-01,1.500e-01,0.01,0.01,None
SMD,PIN241,2.228e+00,1.856e+00,1.000e-01,2.228e+00,1.856e+00,1.000e-01,1.500e-01,0.01,0.01,None
SMD,PIN242,2.722e+00,1.856e+00,1.000e-01,2.722e+00,1.856e+00,1.000e-01,1.500e-01,0.01,0.01,None
SMD,PIN243,3.217e+00,1.856e+00,1.000e-01,3.217e+00,1.856e+00,1.000e-01,1.500e-01,0.01,0.01,None
SMD,PIN244,-2.970e+00,1.609e+00,1.000e-01,-2.970e+00,1.609e+00,1.000e-01,1.500e-01,0.01,0.01,None
SMD,PIN245,-2.475e+00,1.609e+00,1.000e-01,-2.475e+00,1.609e+00,1.000e-01,1.500e-01,0.01,0.01,None
SMD,PIN246,-1.980e+00,1.609e+00,1.000e-01,-1.980e+00,1.609e+00,1.000e-01,1.500e-01,0.01,0.01,None
SMD,PIN247,-1.485e+00,1.609e+00,1.000e-01,-1.485e+00,1.609e+00,1.000e-01,1.500e-01,0.01,0.01,None
SMD,PIN248,-9.900e-01,1.609e+00,1.000e-01,-9.900e-01,1.609e+00,1.000e-01,1.500e-01,0.01,0.01,None
SMD,PIN249,-4.950e-01,1.609e+00,1.000e-01,-4.950e-01,1.609e+00,1.000e-01,1.500e-01,0.01,0.01,None
SMD,PIN250,0.000e+00,1.609e+00,1.000e-01,0.000e+00,1.609e+00,1.000e-01,1.500e-01,0.01,0.01,None
SMD,PIN251,4.950e-01,1.609e+00,1.000e-01,4.950e-01,1.609e+00,1.000e-01,1.500e-01,0.01,0.01,None
SMD,PIN252,9.900e-01,1.609e+00,1.000e-01,9.900e-01,1.609e+00,1.000e-01,1.500e-01,0.01,0.01,None
SMD,PIN253,1.485e+00,1.609e+00,1.000e-01,1.485e+00,1.609e+00,1.000e-01,1.500e-01,0.01,0.01,None
SMD,PIN254,1.980e+00,1.609e+00,1.000e-01,1.980e+00,1.609e+00,1.000e-01,1.500e-01,0.01,0.01,None
SMD,PIN255,2.475e+00,1.609e+00,1.000e-01,2.475e+00,1.609e+00,1.000e-01,1.500e-01,0.01,0.01,None
SMD,PIN256,2.970e+00,1.609e+00,1.000e-01,2.970e+00,1.609e+00,1.000e-01,1.500e-01,0.01,0.01,None
SMD,PIN257,-3.217e+00,1.361e+00,1.000e-01,-3.217e+00,1.361e+00,1.000e-01,1.500e-01,0.01,0.01,None
SMD,PIN258,-2.722e+00,1.361e+00,1.000e-01,-2.722e+00,1.361e+00,1.000e-01,1.500e-01,0.01,0.01,None
SMD,PIN259,-2.228e+00,1.361e+00,1.000e-01,-2.228e+00,1.361e+00,1.000e-01,1.500e-01,0.01,0.01,None
SMD,PIN260,-1.733e+00,1.361e+00,1.000e-01,-1.733e+00,1.361e+00,1.000e-01,1.500e-01,0.01,0.01,None
SMD,PIN261,-1.238e+00,1.361e+00,1.000e-01,-1.238e+00,1.361e+00,1.000e-01,1.500e-01,0.01,0.01,None
SMD,PIN262,-7.425e-01,1.361e+00,1.000e-01,-7.425e-01,1.361e+00,1.000e-01,1.500e-01,0.01,0.01,None
SMD,PIN263,-2.475e-01,1.361e+00,1.000e-01,-2.475e-01,1.361e+00,1.000e-01,1.500e-01,0.01,0.01,None
SMD,PIN264,2.475e-01,1.361e+00,1.000e-01,2.475e-01,1.361e+00,1.000e-01,1.500e-01,0.01,0.01,None
SMD,PIN265,7.425e-01,1.361e+00,1.000e-01,7.425e-01,1.361e+00,1.000e-01,1.500e-01,0.01,0.01,None
SMD,PIN266,1.238e+00,1.361e+00,1.000e-01,1.238e+00,1.361e+00,1.000e-01,1.500e-01,0.01,0.01,None
SMD,PIN267,1.733e+00,1.361e+00,1.000e-01,1.733e+00,1.361e+00,1.000e-01,1.500e-01,0.01,0.01,None
SMD,PIN268,2.228e+00,1.361e+00,1.000e-01,2.228e+00,1.361e+00,1.000e-01,1.500e-01,0.01,0.01,None
SMD,PIN269,2.722e+00,1.361e+00,1.000e-01,2.722e+00,1.361e+00,1.000e-01,1.500e-01,0.01,0.01,None
SMD,PIN270,3.217e+00,1.361e+00,1.000e-01,3.217e+00,1.361e+00,1.000e-01,1.500e-01,0.01,0.01,None
SMD,PIN271,-2.970e+00,1.114e+00,1.000e-01,-2.970e+00,1.114e+00,1.000e-01,1.500e-01,0.01,0.01,None
SMD,PIN272,-2.475e+00,1.114e+00,1.000e-01,-2.475e+00,1.114e+00,1.000e-01,1.500e-01,0.01,0.01,None
SMD,PIN273,-1.980e+00,1.114e+00,1.000e-01,-1.980e+00,1.114e+00,1.000e-01,1.500e-01,0.01,0.01,None
SMD,PIN274,-1.485e+00,1.114e+00,1.000e-01,-1.485e+00,1.114e+00,1.000e-01,1.500e-01,0.01,0.01,None
SMD,PIN275,-9.900e-01,1.114e+00,1.000e-01,-9.900e-01,1.114e+00,1.000e-01,1.500e-01,0.01,0.01,None
SMD,PIN276,-4.950e-01,1.114e+00,1.000e-01,-4.950e-01,1.114e+00,1.000e-01,1.500e-01,0.01,0.01,None
SMD,PIN277,0.000e+00,1.114e+00,1.000e-01,0.000e+00,1.114e+00,1.000e-01,1.500e-01,0.01,0.01,None
SMD,PIN278,4.950e-01,1.114e+00,1.000e-01,4.950e-01,1.114e+00,1.000e-01,1.500e-01,0.01,0.01,None
SMD,PIN279,9.900e-01,1.114e+00,1.000e-01,9.900e-01,1.114e+00,1.000e-01,1.500e-01,0.01,0.01,None
SMD,PIN280,1.485e+00,1.114e+00,1.000e-01,1.485e+00,1.114e+00,1.000e-01,1.500e-01,0.01,0.01,None
SMD,PIN281,1.980e+00,1.114e+00,1.000e-01,1.980e+00,1.114e+00,1.000e-01,1.500e-01,0.01,0.01,None
SMD,PIN282,2.475e+00,1.114e+00,1.000e-01,2.475e+00,1.114e+00,1.000e-01,1.500e-01,0.01,0.01,None
SMD,PIN283,2.970e+00,1.114e+00,1.000e-01,2.970e+00,1.114e+00,1.000e-01,1.500e-01,0.01,0.01,None
SMD,PIN284,-3.217e+00,8.662e-01,1.000e-01,-3.217e+00,8.662e-01,1.000e-01,1.500e-01,0.01,0.01,None
SMD,PIN285,-2.722e+00,8.662e-01,1.000e-01,-2.722e+00,8.662e-01,1.000e-01,1.500e-01,0.01,0.01,None
SMD,PIN286,-2.228e+00,8.662e-01,1.000e-01,-2.228e+00,8.662e-01,1.000e-01,1.500e-01,0.01,0.01,None
SMD,PIN287,-1.733e+00,8.662e-01,1.000e-01,-1.733e+00,8.662e-01,1.000e-01,1.500e-01,0.01,0.01,None
SMD,PIN288,-1.238e+00,8.662e-01,1.000e-01,-1.238e+00,8.662e-01,1.000e-01,1.500e-01,0.01,0.01,None
SMD,PIN289,-7.425e-01,8.662e-01,1.000e-01,-7.425e-01,8.662e-01,1.000e-01,1.500e-01,0.01,0.01,None
SMD,PIN290,-2.475e-01,8.662e-01,1.000e-01,-2.475e-01,8.662e-01,1.000e-01,1.500e-01,0.01,0.01,None
SMD,PIN291,2.475e-01,8.662e-01,1.000e-01,2.475e-01,8.662e-01,1.000e-01,1.500e-01,0.01,0.01,None
SMD,PIN292,7.425e-01,8.662e-01,1.000e-01,7.425e-01,8.662e-01,1.000e-01,1.500e-01,0.01,0.01,None
SMD,PIN293,1.238e+00,8.662e-01,1.000e-01,1.238e+00,8.662e-01,1.000e-01,1.500e-01,0.01,0.01,None
SMD,PIN294,1.733e+00,8.662e-01,1.000e-01,1.733e+00,8.662e-01,1.000e-01,1.500e-01,0.01,0.01,None
SMD,PIN295,2.228e+00,8.662e-01,1.000e-01,2.228e+00,8.662e-01,1.000e-01,1.500e-01,0.01,0.01,None
SMD,PIN296,2.722e+00,8.662e-01,1.000e-01,2.722e+00,8.662e-01,1.000e-01,1.500e-01,0.01,0.01,None
SMD,PIN297,3.217e+00,8.662e-01,1.000e-01,3.217e+00,8.662e-01,1.000e-01,1.500e-01,0.01,0.01,None
SMD,PIN298,-2.970e+00,6.187e-01,1.000e-01,-2.970e+00,6.187e-01,1.000e-01,1.500e-01,0.01,0.01,None
SMD,PIN299,-2.475e+00,6.187e-01,1.000e-01,-2.475e+00,6.187e-01,1.000e-01,1.500e-01,0.01,0.01,None
SMD,PIN300,-1.980e+00,6.187e-01,1.000e-01,-1.980e+00,6.187e-01,1.000e-01,1.500e-01,0.01,0.01,None
SMD,PIN301,-1.485e+00,6.187e-01,1.000e-01,-1.485e+00,6.187e-01,1.000e-01,1.500e-01,0.01,0.01,None
SMD,PIN302,-9.900e-01,6.187e-01,1.000e-01,-9.900e-01,6.187e-01,1.000e-01,1.500e-01,0.01,0.01,None
SMD,PIN303,-4.950e-01,6.187e-01,1.000e-01,-4.950e-01,6.187e-01,1.000e-01,1.500e-01,0.01,0.01,None
SMD,PIN304,0.000e+00,6.187e-01,1.000e-01,0.000e+00,6.187e-01,1.000e-01,1.500e-01,0.01,0.01,None
SMD,PIN305,4.950e-01,6.187e-01,1.000e-01,4.950e-01,6.187e-01,1.000e-01,1.500e-01,0.01,0.01,None
SMD,PIN306,9.900e-01,6.187e-01,1.000e-01,9.900e-01,6.187e-01,1.000e-01,1.500e-01,0.01,0.01,None
SMD,PIN307,1.485e+00,6.187e-01,1.000e-01,1.485e+00,6.187e-01,1.000e-01,1.500e-01,0.01,0.01,None
SMD,PIN308,2.475e+00,6.187e-01,1.000e-01,2.475e+00,6.187e-01,1.000e-01,1.500e-01,0.01,0.01,None
SMD,PIN309,2.970e+00,6.187e-01,1.000e-01,2.970e+00,6.187e-01,1.000e-01,1.500e-01,0.01,0.01,None
SMD,PIN310,-3.217e+00,3.712e-01,1.000e-01,-3.217e+00,3.712e-01,1.000e-01,1.500e-01,0.01,0.01,None
SMD,PIN311,-2.722e+00,3.712e-01,1.000e-01,-2.722e+00,3.712e-01,1.000e-01,1.500e-01,0.01,0.01,None
SMD,PIN312,-2.228e+00,3.712e-01,1.000e-01,-2.228e+00,3.712e-01,1.000e-01,1.500e-01,0.01,0.01,None
SMD,PIN313,-1.733e+00,3.712e-01,1.000e-01,-1.733e+00,3.712e-01,1.000e-01,1.500e-01,0.01,0.01,None
SMD,PIN314,-1.238e+00,3.712e-01,1.000e-01,-1.238e+00,3.712e-01,1.000e-01,1.500e-01,0.01,0.01,None
SMD,PIN315,-7.425e-01,3.712e-01,1.000e-01,-7.425e-01,3.712e-01,1.000e-01,1.500e-01,0.01,0.01,None
SMD,PIN316,-2.475e-01,3.712e-01,1.000e-01,-2.475e-01,3.712e-01,1.000e-01,1.500e-01,0.01,0.01,None
SMD,PIN317,2.475e-01,3.712e-01,1.000e-01,2.475e-01,3.712e-01,1.000e-01,1.500e-01,0.01,0.01,None
SMD,PIN318,7.425e-01,3.712e-01,1.000e-01,7.425e-01,3.712e-01,1.000e-01,1.500e-01,0.01,0.01,None
SMD,PIN319,1.238e+00,3.712e-01,1.000e-01,1.238e+00,3.712e-01,1.000e-01,1.500e-01,0.01,0.01,None
SMD,PIN320,1.733e+00,3.712e-01,1.000e-01,1.733e+00,3.712e-01,1.000e-01,1.500e-01,0.01,0.01,None
SMD,PIN321,2.722e+00,3.712e-01,1.000e-01,2.722e+00,3.712e-01,1.000e-01,1.500e-01,0.01,0.01,None
SMD,PIN322,3.217e+00,3.712e-01,1.000e-01,3.217e+00,3.712e-01,1.000e-01,1.500e-01,0.01,0.01,None
SMD,PIN323,-2.970e+00,1.237e-01,1.000e-01,-2.970e+00,1.237e-01,1.000e-01,1.500e-01,0.01,0.01,None
SMD,PIN324,-2.475e+00,1.237e-01,1.000e-01,-2.475e+00,1.237e-01,1.000e-01,1.500e-01,0.01,0.01,None
SMD,PIN325,-1.980e+00,1.237e-01,1.000e-01,-1.980e+00,1.237e-01,1.000e-01,1.500e-01,0.01,0.01,None
SMD,PIN326,-1.485e+00,1.237e-01,1.000e-01,-1.485e+00,1.237e-01,1.000e-01,1.500e-01,0.01,0.01,None
SMD,PIN327,-9.900e-01,1.237e-01,1.000e-01,-9.900e-01,1.237e-01,1.000e-01,1.500e-01,0.01,0.01,None
SMD,PIN328,-4.950e-01,1.237e-01,1.000e-01,-4.950e-01,1.237e-01,1.000e-01,1.500e-01,0.01,0.01,None
SMD,PIN329,0.000e+00,1.237e-01,1.000e-01,0.000e+00,1.237e-01,1.000e-01,1.500e-01,0.01,0.01,None
SMD,PIN330,4.950e-01,1.237e-01,1.000e-01,4.950e-01,1.237e-01,1.000e-01,1.500e-01,0.01,0.01,None
SMD,PIN331,9.900e-01,1.237e-01,1.000e-01,9.900e-01,1.237e-01,1.000e-01,1.500e-01,0.01,0.01,None
SMD,PIN332,1.485e+00,1.237e-01,1.000e-01,1.485e+00,1.237e-01,1.000e-01,1.500e-01,0.01,0.01,None
SMD,PIN333,2.475e+00,1.237e-01,1.000e-01,2.475e+00,1.237e-01,1.000e-01,1.500e-01,0.01,0.01,None
SMD,PIN334,2.970e+00,1.237e-01,1.000e-01,2.970e+00,1.237e-01,1.000e-01,1.500e-01,0.01,0.01,None
SMD,PIN335,-3.217e+00,-1.237e-01,1.000e-01,-3.217e+00,-1.237e-01,1.000e-01,1.500e-01,0.01,0.01,None
SMD,PIN336,-2.722e+00,-1.237e-01,1.000e-01,-2.722e+00,-1.237e-01,1.000e-01,1.500e-01,0.01,0.01,None
SMD,PIN337,-2.228e+00,-1.237e-01,1.000e-01,-2.228e+00,-1.237e-01,1.000e-01,1.500e-01,0.01,0.01,None
SMD,PIN338,-1.733e+00,-1.237e-01,1.000e-01,-1.733e+00,-1.237e-01,1.000e-01,1.500e-01,0.01,0.01,None
SMD,PIN339,-1.238e+00,-1.237e-01,1.000e-01,-1.238e+00,-1.237e-01,1.000e-01,1.500e-01,0.01,0.01,None
SMD,PIN340,-7.425e-01,-1.237e-01,1.000e-01,-7.425e-01,-1.237e-01,1.000e-01,1.500e-01,0.01,0.01,None
SMD,PIN341,-2.475e-01,-1.237e-01,1.000e-01,-2.475e-01,-1.237e-01,1.000e-01,1.500e-01,0.01,0.01,None
SMD,PIN342,2.475e-01,-1.237e-01,1.000e-01,2.475e-01,-1.237e-01,1.000e-01,1.500e-01,0.01,0.01,None
SMD,PIN343,7.425e-01,-1.237e-01,1.000e-01,7.425e-01,-1.237e-01,1.000e-01,1.500e-01,0.01,0.01,None
SMD,PIN344,1.238e+00,-1.237e-01,1.000e-01,1.238e+00,-1.237e-01,1.000e-01,1.500e-01,0.01,0.01,None
SMD,PIN345,1.733e+00,-1.237e-01,1.000e-01,1.733e+00,-1.237e-01,1.000e-01,1.500e-01,0.01,0.01,None
SMD,PIN346,2.722e+00,-1.237e-01,1.000e-01,2.722e+00,-1.237e-01,1.000e-01,1.500e-01,0.01,0.01,None
SMD,PIN347,3.217e+00,-1.237e-01,1.000e-01,3.217e+00,-1.237e-01,1.000e-01,1.500e-01,0.01,0.01,None
SMD,PIN348,-2.970e+00,-3.712e-01,1.000e-01,-2.970e+00,-3.712e-01,1.000e-01,1.500e-01,0.01,0.01,None
SMD,PIN349,-2.475e+00,-3.712e-01,1.000e-01,-2.475e+00,-3.712e-01,1.000e-01,1.500e-01,0.01,0.01,None
SMD,PIN350,-1.980e+00,-3.712e-01,1.000e-01,-1.980e+00,-3.712e-01,1.000e-01,1.500e-01,0.01,0.01,None
SMD,PIN351,-1.485e+00,-3.712e-01,1.000e-01,-1.485e+00,-3.712e-01,1.000e-01,1.500e-01,0.01,0.01,None
SMD,PIN352,-9.900e-01,-3.712e-01,1.000e-01,-9.900e-01,-3.712e-01,1.000e-01,1.500e-01,0.01,0.01,None
SMD,PIN353,-4.950e-01,-3.712e-01,1.000e-01,-4.950e-01,-3.712e-01,1.000e-01,1.500e-01,0.01,0.01,None
SMD,PIN354,0.000e+00,-3.712e-01,1.000e-01,0.000e+00,-3.712e-01,1.000e-01,1.500e-01,0.01,0.01,None
SMD,PIN355,4.950e-01,-3.712e-01,1.000e-01,4.950e-01,-3.712e-01,1.000e-01,1.500e-01,0.01,0.01,None
SMD,PIN356,9.900e-01,-3.712e-01,1.000e-01,9.900e-01,-3.712e-01,1.000e-01,1.500e-01,0.01,0.01,None
SMD,PIN357,1.485e+00,-3.712e-01,1.000e-01,1.485e+00,-3.712e-01,1.000e-01,1.500e-01,0.01,0.01,None
SMD,PIN358,1.980e+00,-3.712e-01,1.000e-01,1.980e+00,-3.712e-01,1.000e-01,1.500e-01,0.01,0.01,None
SMD,PIN359,2.475e+00,-3.712e-01,1.000e-01,2.475e+00,-3.712e-01,1.000e-01,1.500e-01,0.01,0.01,None
SMD,PIN360,2.970e+00,-3.712e-01,1.000e-01,2.970e+00,-3.712e-01,1.000e-01,1.500e-01,0.01,0.01,None
SMD,PIN361,-3.217e+00,-6.187e-01,1.000e-01,-3.217e+00,-6.187e-01,1.000e-01,1.500e-01,0.01,0.01,None
SMD,PIN362,-2.722e+00,-6.187e-01,1.000e-01,-2.722e+00,-6.187e-01,1.000e-01,1.500e-01,0.01,0.01,None
SMD,PIN363,-2.228e+00,-6.187e-01,1.000e-01,-2.228e+00,-6.187e-01,1.000e-01,1.500e-01,0.01,0.01,None
SMD,PIN364,-1.733e+00,-6.187e-01,1.000e-01,-1.733e+00,-6.187e-01,1.000e-01,1.500e-01,0.01,0.01,None
SMD,PIN365,-1.238e+00,-6.187e-01,1.000e-01,-1.238e+00,-6.187e-01,1.000e-01,1.500e-01,0.01,0.01,None
SMD,PIN366,-7.425e-01,-6.187e-01,1.000e-01,-7.425e-01,-6.187e-01,1.000e-01,1.500e-01,0.01,0.01,None
SMD,PIN367,-2.475e-01,-6.187e-01,1.000e-01,-2.475e-01,-6.187e-01,1.000e-01,1.500e-01,0.01,0.01,None
SMD,PIN368,2.475e-01,-6.187e-01,1.000e-01,2.475e-01,-6.187e-01,1.000e-01,1.500e-01,0.01,0.01,None
SMD,PIN369,7.425e-01,-6.187e-01,1.000e-01,7.425e-01,-6.187e-01,1.000e-01,1.500e-01,0.01,0.01,None
SMD,PIN370,1.238e+00,-6.187e-01,1.000e-01,1.238e+00,-6.187e-01,1.000e-01,1.500e-01,0.01,0.01,None
SMD,PIN371,1.733e+00,-6.187e-01,1.000e-01,1.733e+00,-6.187e-01,1.000e-01,1.500e-01,0.01,0.01,None
SMD,PIN372,2.228e+00,-6.187e-01,1.000e-01,2.228e+00,-6.187e-01,1.000e-01,1.500e-01,0.01,0.01,None
SMD,PIN373,2.722e+00,-6.187e-01,1.000e-01,2.722e+00,-6.187e-01,1.000e-01,1.500e-01,0.01,0.01,None
SMD,PIN374,3.217e+00,-6.187e-01,1.000e-01,3.217e+00,-6.187e-01,1.000e-01,1.500e-01,0.01,0.01,None
SMD,PIN375,-2.970e+00,-8.662e-01,1.000e-01,-2.970e+00,-8.662e-01,1.000e-01,1.500e-01,0.01,0.01,None
SMD,PIN376,-2.475e+00,-8.662e-01,1.000e-01,-2.475e+00,-8.662e-01,1.000e-01,1.500e-01,0.01,0.01,None
SMD,PIN377,-1.980e+00,-8.662e-01,1.000e-01,-1.980e+00,-8.662e-01,1.000e-01,1.500e-01,0.01,0.01,None
SMD,PIN378,-1.485e+00,-8.662e-01,1.000e-01,-1.485e+00,-8.662e-01,1.000e-01,1.500e-01,0.01,0.01,None
SMD,PIN379,-9.900e-01,-8.662e-01,1.000e-01,-9.900e-01,-8.662e-01,1.000e-01,1.500e-01,0.01,0.01,None
SMD,PIN380,-4.950e-01,-8.662e-01,1.000e-01,-4.950e-01,-8.662e-01,1.000e-01,1.500e-01,0.01,0.01,None
SMD,PIN381,0.000e+00,-8.662e-01,1.000e-01,0.000e+00,-8.662e-01,1.000e-01,1.500e-01,0.01,0.01,None
SMD,PIN382,4.950e-01,-8.662e-01,1.000e-01,4.950e-01,-8.662e-01,1.000e-01,1.500e-01,0.01,0.01,None
SMD,PIN383,9.900e-01,-8.662e-01,1.000e-01,9.900e-01,-8.662e-01,1.000e-01,1.500e-01,0.01,0.01,None
SMD,PIN384,1.485e+00,-8.662e-01,1.000e-01,1.485e+00,-8.662e-01,1.000e-01,1.500e-01,0.01,0.01,None
SMD,PIN385,1.980e+00,-8.662e-01,1.000e-01,1.980e+00,-8.662e-01,1.000e-01,1.500e-01,0.01,0.01,None
SMD,PIN386,2.475e+00,-8.662e-01,1.000e-01,2.475e+00,-8.662e-01,1.000e-01,1.500e-01,0.01,0.01,None
SMD,PIN387,2.970e+00,-8.662e-01,1.000e-01,2.970e+00,-8.662e-01,1.000e-01,1.500e-01,0.01,0.01,None
SMD,PIN388,-3.217e+00,-1.114e+00,1.000e-01,-3.217e+00,-1.114e+00,1.000e-01,1.500e-01,0.01,0.01,None
SMD,PIN389,-2.722e+00,-1.114e+00,1.000e-01,-2.722e+00,-1.114e+00,1.000e-01,1.500e-01,0.01,0.01,None
SMD,PIN390,-2.228e+00,-1.114e+00,1.000e-01,-2.228e+00,-1.114e+00,1.000e-01,1.500e-01,0.01,0.01,None
SMD,PIN391,-1.733e+00,-1.114e+00,1.000e-01,-1.733e+00,-1.114e+00,1.000e-01,1.500e-01,0.01,0.01,None
SMD,PIN392,-1.238e+00,-1.114e+00,1.000e-01,-1.238e+00,-1.114e+00,1.000e-01,1.500e-01,0.01,0.01,None
SMD,PIN393,-7.425e-01,-1.114e+00,1.000e-01,-7.425e-01,-1.114e+00,1.000e-01,1.500e-01,0.01,0.01,None
SMD,PIN394,-2.475e-01,-1.114e+00,1.000e-01,-2.475e-01,-1.114e+00,1.000e-01,1.500e-01,0.01,0.01,None
SMD,PIN395,2.475e-01,-1.114e+00,1.000e-01,2.475e-01,-1.114e+00,1.000e-01,1.500e-01,0.01,0.01,None
SMD,PIN396,7.425e-01,-1.114e+00,1.000e-01,7.425e-01,-1.114e+00,1.000e-01,1.500e-01,0.01,0.01,None
SMD,PIN397,1.238e+00,-1.114e+00,1.000e-01,1.238e+00,-1.114e+00,1.000e-01,1.500e-01,0.01,0.01,None
SMD,PIN398,1.733e+00,-1.114e+00,1.000e-01,1.733e+00,-1.114e+00,1.000e-01,1.500e-01,0.01,0.01,None
SMD,PIN399,2.228e+00,-1.114e+00,1.000e-01,2.228e+00,-1.114e+00,1.000e-01,1.500e-01,0.01,0.01,None
SMD,PIN400,2.722e+00,-1.114e+00,1.000e-01,2.722e+00,-1.114e+00,1.000e-01,1.500e-01,0.01,0.01,None
SMD,PIN401,3.217e+00,-1.114e+00,1.000e-01,3.217e+00,-1.114e+00,1.000e-01,1.500e-01,0.01,0.01,None
*Layer,PackageWarpage,Defined
Location,0,0
Thickness,5.000e-01
Part,Polynomial,Solid,1
OB -3.300e+00 4.015e+00 I
OS 3.575e+00 4.015e+00
OS 3.575e+00 -3.740e+00
OS 3.680e+00 -3.740e+00
OS 3.680e+00 -4.120e+00
OS 3.300e+00 -4.120e+00
OS 3.300e+00 -4.015e+00
OS -3.575e+00 -4.015e+00
OS -3.575e+00 3.740e+00
OS -3.680e+00 3.740e+00
OS -3.680e+00 4.120e+00
OS -3.300e+00 4.120e+00
OS -3.300e+00 4.015e+00
OE
*End