*Translation,26.94999944,-14.359999219999999,0.0
*Rotation,180
*Mirror,False
*IsTop,False
*Layer,SolderJointWarpage,SolderJointWarped
Location,0,0,0.0
Length,3.055e+00,4.255e+00
Thickness,8.000e-02
MeshGenerationType,Solid,Tetra
MeshPath,PackageMesh
MeshSizeInPlane,0.1
NumberofElementinThickness,5
MaterialID,1
DetailSolder,True
MisalignmentAngle,0,0.0
SurfaceTension,480.0
SMD,PIN1,-1.000e+00,1.600e+00,1.200e-01,-1.000e+00,1.600e+00,1.200e-01,1.800e-01,0.01,0.01,None
SMD,PIN2,-6.000e-01,1.600e+00,1.200e-01,-6.000e-01,1.600e+00,1.200e-01,1.800e-01,0.01,0.01,None
SMD,PIN3,-2.000e-01,1.600e+00,1.200e-01,-2.000e-01,1.600e+00,1.200e-01,1.800e-01,0.01,0.01,None
SMD,PIN4,2.000e-01,1.600e+00,1.200e-01,2.000e-01,1.600e+00,1.200e-01,1.800e-01,0.01,0.01,None
SMD,PIN5,6.000e-01,1.600e+00,1.200e-01,6.000e-01,1.600e+00,1.200e-01,1.800e-01,0.01,0.01,None
SMD,PIN6,1.000e+00,1.600e+00,1.200e-01,1.000e+00,1.600e+00,1.200e-01,1.800e-01,0.01,0.01,None
SMD,PIN7,-1.000e+00,1.200e+00,1.200e-01,-1.000e+00,1.200e+00,1.200e-01,1.800e-01,0.01,0.01,None
SMD,PIN8,-6.000e-01,1.200e+00,1.200e-01,-6.000e-01,1.200e+00,1.200e-01,1.800e-01,0.01,0.01,None
SMD,PIN9,-2.000e-01,1.200e+00,1.200e-01,-2.000e-01,1.200e+00,1.200e-01,1.800e-01,0.01,0.01,None
SMD,PIN10,2.000e-01,1.200e+00,1.200e-01,2.000e-01,1.200e+00,1.200e-01,1.800e-01,0.01,0.01,None
SMD,PIN11,6.000e-01,1.200e+00,1.200e-01,6.000e-01,1.200e+00,1.200e-01,1.800e-01,0.01,0.01,None
SMD,PIN12,1.000e+00,1.200e+00,1.200e-01,1.000e+00,1.200e+00,1.200e-01,1.800e-01,0.01,0.01,None
SMD,PIN13,-1.000e+00,8.000e-01,1.200e-01,-1.000e+00,8.000e-01,1.200e-01,1.800e-01,0.01,0.01,None
SMD,PIN14,-6.000e-01,8.000e-01,1.200e-01,-6.000e-01,8.000e-01,1.200e-01,1.800e-01,0.01,0.01,None
SMD,PIN15,-2.000e-01,8.000e-01,1.200e-01,-2.000e-01,8.000e-01,1.200e-01,1.800e-01,0.01,0.01,None
SMD,PIN16,2.000e-01,8.000e-01,1.200e-01,2.000e-01,8.000e-01,1.200e-01,1.800e-01,0.01,0.01,None
SMD,PIN17,6.000e-01,8.000e-01,1.200e-01,6.000e-01,8.000e-01,1.200e-01,1.800e-01,0.01,0.01,None
SMD,PIN18,1.000e+00,8.000e-01,1.200e-01,1.000e+00,8.000e-01,1.200e-01,1.800e-01,0.01,0.01,None
SMD,PIN19,-1.000e+00,4.000e-01,1.200e-01,-1.000e+00,4.000e-01,1.200e-01,1.800e-01,0.01,0.01,None
SMD,PIN20,-6.000e-01,4.000e-01,1.200e-01,-6.000e-01,4.000e-01,1.200e-01,1.800e-01,0.01,0.01,None
SMD,PIN21,-2.000e-01,4.000e-01,1.200e-01,-2.000e-01,4.000e-01,1.200e-01,1.800e-01,0.01,0.01,None
SMD,PIN22,2.000e-01,4.000e-01,1.200e-01,2.000e-01,4.000e-01,1.200e-01,1.800e-01,0.01,0.01,None
SMD,PIN23,6.000e-01,4.000e-01,1.200e-01,6.000e-01,4.000e-01,1.200e-01,1.800e-01,0.01,0.01,None
SMD,PIN24,1.000e+00,4.000e-01,1.200e-01,1.000e+00,4.000e-01,1.200e-01,1.800e-01,0.01,0.01,None
SMD,PIN25,-1.000e+00,0.000e+00,1.200e-01,-1.000e+00,0.000e+00,1.200e-01,1.800e-01,0.01,0.01,None
SMD,PIN26,-6.000e-01,0.000e+00,1.200e-01,-6.000e-01,0.000e+00,1.200e-01,1.800e-01,0.01,0.01,None
SMD,PIN27,-2.000e-01,0.000e+00,1.200e-01,-2.000e-01,0.000e+00,1.200e-01,1.800e-01,0.01,0.01,None
SMD,PIN28,2.000e-01,0.000e+00,1.200e-01,2.000e-01,0.000e+00,1.200e-01,1.800e-01,0.01,0.01,None
SMD,PIN29,6.000e-01,0.000e+00,1.200e-01,6.000e-01,0.000e+00,1.200e-01,1.800e-01,0.01,0.01,None
SMD,PIN30,1.000e+00,0.000e+00,1.200e-01,1.000e+00,0.000e+00,1.200e-01,1.800e-01,0.01,0.01,None
SMD,PIN31,-1.000e+00,-4.000e-01,1.200e-01,-1.000e+00,-4.000e-01,1.200e-01,1.800e-01,0.01,0.01,None
SMD,PIN32,-6.000e-01,-4.000e-01,1.200e-01,-6.000e-01,-4.000e-01,1.200e-01,1.800e-01,0.01,0.01,None
SMD,PIN33,-2.000e-01,-4.000e-01,1.200e-01,-2.000e-01,-4.000e-01,1.200e-01,1.800e-01,0.01,0.01,None
SMD,PIN34,2.000e-01,-4.000e-01,1.200e-01,2.000e-01,-4.000e-01,1.200e-01,1.800e-01,0.01,0.01,None
SMD,PIN35,6.000e-01,-4.000e-01,1.200e-01,6.000e-01,-4.000e-01,1.200e-01,1.800e-01,0.01,0.01,None
SMD,PIN36,1.000e+00,-4.000e-01,1.200e-01,1.000e+00,-4.000e-01,1.200e-01,1.800e-01,0.01,0.01,None
SMD,PIN37,-1.000e+00,-8.000e-01,1.200e-01,-1.000e+00,-8.000e-01,1.200e-01,1.800e-01,0.01,0.01,None
SMD,PIN38,-6.000e-01,-8.000e-01,1.200e-01,-6.000e-01,-8.000e-01,1.200e-01,1.800e-01,0.01,0.01,None
SMD,PIN39,-2.000e-01,-8.000e-01,1.200e-01,-2.000e-01,-8.000e-01,1.200e-01,1.800e-01,0.01,0.01,None
SMD,PIN40,2.000e-01,-8.000e-01,1.200e-01,2.000e-01,-8.000e-01,1.200e-01,1.800e-01,0.01,0.01,None
SMD,PIN41,6.000e-01,-8.000e-01,1.200e-01,6.000e-01,-8.000e-01,1.200e-01,1.800e-01,0.01,0.01,None
SMD,PIN42,1.000e+00,-8.000e-01,1.200e-01,1.000e+00,-8.000e-01,1.200e-01,1.800e-01,0.01,0.01,None
SMD,PIN43,-1.000e+00,-1.200e+00,1.200e-01,-1.000e+00,-1.200e+00,1.200e-01,1.800e-01,0.01,0.01,None
SMD,PIN44,-6.000e-01,-1.200e+00,1.200e-01,-6.000e-01,-1.200e+00,1.200e-01,1.800e-01,0.01,0.01,None
SMD,PIN45,-2.000e-01,-1.200e+00,1.200e-01,-2.000e-01,-1.200e+00,1.200e-01,1.800e-01,0.01,0.01,None
SMD,PIN46,2.000e-01,-1.200e+00,1.200e-01,2.000e-01,-1.200e+00,1.200e-01,1.800e-01,0.01,0.01,None
SMD,PIN47,6.000e-01,-1.200e+00,1.200e-01,6.000e-01,-1.200e+00,1.200e-01,1.800e-01,0.01,0.01,None
SMD,PIN48,1.000e+00,-1.200e+00,1.200e-01,1.000e+00,-1.200e+00,1.200e-01,1.800e-01,0.01,0.01,None
SMD,PIN49,-1.000e+00,-1.600e+00,1.200e-01,-1.000e+00,-1.600e+00,1.200e-01,1.800e-01,0.01,0.01,None
SMD,PIN50,-6.000e-01,-1.600e+00,1.200e-01,-6.000e-01,-1.600e+00,1.200e-01,1.800e-01,0.01,0.01,None
SMD,PIN51,-2.000e-01,-1.600e+00,1.200e-01,-2.000e-01,-1.600e+00,1.200e-01,1.800e-01,0.01,0.01,None
SMD,PIN52,2.000e-01,-1.600e+00,1.200e-01,2.000e-01,-1.600e+00,1.200e-01,1.800e-01,0.01,0.01,None
SMD,PIN53,6.000e-01,-1.600e+00,1.200e-01,6.000e-01,-1.600e+00,1.200e-01,1.800e-01,0.01,0.01,None
SMD,PIN54,1.000e+00,-1.600e+00,1.200e-01,1.000e+00,-1.600e+00,1.200e-01,1.800e-01,0.01,0.01,None
*Layer,PackageWarpage,Defined
Location,0,0
Thickness,5.000e-01
MeshGenerationType,Solid,Hexa
MeshPath,PackageMesh
MeshSizeInPlane,0.1
NumberofElementinXDirection,20
NumberofElementinYDirection,20
NumberofElementinThickness,3
Part,Polynomial,Solid,1
OB 1.475e+00 -2.075e+00 I
OS -1.475e+00 -2.075e+00
OS -1.475e+00 1.975e+00
OS -1.375e+00 2.075e+00
OS 1.200e+00 2.075e+00
OS 1.200e+00 2.180e+00
OS 1.580e+00 2.180e+00
OS 1.580e+00 1.800e+00
OS 1.475e+00 1.800e+00
OS 1.475e+00 -2.075e+00
OE
MaterialID,2
*Material
Material.txt
*End