*Translation,24.99000082,10.44999942,0.0
*Rotation,270
*Mirror,False
*IsTop,False
*Layer,SolderJointWarpage,SolderJointWarped
Location,0,0,0.0
Length,3.315e+00,4.035e+00
Thickness,8.000e-02
DetailSolder,True
MisalignmentAngle,0,0.0
SurfaceTension,480.0
SMD,PIN1,-1.225e+00,1.400e+00,1.000e-01,-1.225e+00,1.400e+00,1.000e-01,1.500e-01,0.01,0.01,None
SMD,PIN2,-8.750e-01,1.400e+00,1.000e-01,-8.750e-01,1.400e+00,1.000e-01,1.500e-01,0.01,0.01,None
SMD,PIN3,-5.250e-01,1.400e+00,1.000e-01,-5.250e-01,1.400e+00,1.000e-01,1.500e-01,0.01,0.01,None
SMD,PIN4,-1.750e-01,1.400e+00,1.000e-01,-1.750e-01,1.400e+00,1.000e-01,1.500e-01,0.01,0.01,None
SMD,PIN5,1.750e-01,1.400e+00,1.000e-01,1.750e-01,1.400e+00,1.000e-01,1.500e-01,0.01,0.01,None
SMD,PIN6,5.250e-01,1.400e+00,1.000e-01,5.250e-01,1.400e+00,1.000e-01,1.500e-01,0.01,0.01,None
SMD,PIN7,8.750e-01,1.400e+00,1.000e-01,8.750e-01,1.400e+00,1.000e-01,1.500e-01,0.01,0.01,None
SMD,PIN8,1.225e+00,1.400e+00,1.000e-01,1.225e+00,1.400e+00,1.000e-01,1.500e-01,0.01,0.01,None
SMD,PIN9,-1.225e+00,1.050e+00,1.000e-01,-1.225e+00,1.050e+00,1.000e-01,1.500e-01,0.01,0.01,None
SMD,PIN10,-8.750e-01,1.050e+00,1.000e-01,-8.750e-01,1.050e+00,1.000e-01,1.500e-01,0.01,0.01,None
SMD,PIN11,8.750e-01,1.050e+00,1.000e-01,8.750e-01,1.050e+00,1.000e-01,1.500e-01,0.01,0.01,None
SMD,PIN12,1.225e+00,1.050e+00,1.000e-01,1.225e+00,1.050e+00,1.000e-01,1.500e-01,0.01,0.01,None
SMD,PIN13,-1.225e+00,7.000e-01,1.000e-01,-1.225e+00,7.000e-01,1.000e-01,1.500e-01,0.01,0.01,None
SMD,PIN14,-8.750e-01,7.000e-01,1.000e-01,-8.750e-01,7.000e-01,1.000e-01,1.500e-01,0.01,0.01,None
SMD,PIN15,-5.250e-01,7.000e-01,1.000e-01,-5.250e-01,7.000e-01,1.000e-01,1.500e-01,0.01,0.01,None
SMD,PIN16,-1.750e-01,7.000e-01,1.000e-01,-1.750e-01,7.000e-01,1.000e-01,1.500e-01,0.01,0.01,None
SMD,PIN17,1.750e-01,7.000e-01,1.000e-01,1.750e-01,7.000e-01,1.000e-01,1.500e-01,0.01,0.01,None
SMD,PIN18,5.250e-01,7.000e-01,1.000e-01,5.250e-01,7.000e-01,1.000e-01,1.500e-01,0.01,0.01,None
SMD,PIN19,8.750e-01,7.000e-01,1.000e-01,8.750e-01,7.000e-01,1.000e-01,1.500e-01,0.01,0.01,None
SMD,PIN20,1.225e+00,7.000e-01,1.000e-01,1.225e+00,7.000e-01,1.000e-01,1.500e-01,0.01,0.01,None
SMD,PIN21,-1.225e+00,3.500e-01,1.000e-01,-1.225e+00,3.500e-01,1.000e-01,1.500e-01,0.01,0.01,None
SMD,PIN22,-8.750e-01,3.500e-01,1.000e-01,-8.750e-01,3.500e-01,1.000e-01,1.500e-01,0.01,0.01,None
SMD,PIN23,-5.250e-01,3.500e-01,1.000e-01,-5.250e-01,3.500e-01,1.000e-01,1.500e-01,0.01,0.01,None
SMD,PIN24,-1.750e-01,3.500e-01,1.000e-01,-1.750e-01,3.500e-01,1.000e-01,1.500e-01,0.01,0.01,None
SMD,PIN25,1.750e-01,3.500e-01,1.000e-01,1.750e-01,3.500e-01,1.000e-01,1.500e-01,0.01,0.01,None
SMD,PIN26,5.250e-01,3.500e-01,1.000e-01,5.250e-01,3.500e-01,1.000e-01,1.500e-01,0.01,0.01,None
SMD,PIN27,8.750e-01,3.500e-01,1.000e-01,8.750e-01,3.500e-01,1.000e-01,1.500e-01,0.01,0.01,None
SMD,PIN28,1.225e+00,3.500e-01,1.000e-01,1.225e+00,3.500e-01,1.000e-01,1.500e-01,0.01,0.01,None
SMD,PIN29,-1.225e+00,0.000e+00,1.000e-01,-1.225e+00,0.000e+00,1.000e-01,1.500e-01,0.01,0.01,None
SMD,PIN30,-8.750e-01,0.000e+00,1.000e-01,-8.750e-01,0.000e+00,1.000e-01,1.500e-01,0.01,0.01,None
SMD,PIN31,-5.250e-01,0.000e+00,1.000e-01,-5.250e-01,0.000e+00,1.000e-01,1.500e-01,0.01,0.01,None
SMD,PIN32,-1.750e-01,0.000e+00,1.000e-01,-1.750e-01,0.000e+00,1.000e-01,1.500e-01,0.01,0.01,None
SMD,PIN33,1.750e-01,0.000e+00,1.000e-01,1.750e-01,0.000e+00,1.000e-01,1.500e-01,0.01,0.01,None
SMD,PIN34,5.250e-01,0.000e+00,1.000e-01,5.250e-01,0.000e+00,1.000e-01,1.500e-01,0.01,0.01,None
SMD,PIN35,8.750e-01,0.000e+00,1.000e-01,8.750e-01,0.000e+00,1.000e-01,1.500e-01,0.01,0.01,None
SMD,PIN36,1.225e+00,0.000e+00,1.000e-01,1.225e+00,0.000e+00,1.000e-01,1.500e-01,0.01,0.01,None
SMD,PIN37,-1.225e+00,-3.500e-01,1.000e-01,-1.225e+00,-3.500e-01,1.000e-01,1.500e-01,0.01,0.01,None
SMD,PIN38,-8.750e-01,-3.500e-01,1.000e-01,-8.750e-01,-3.500e-01,1.000e-01,1.500e-01,0.01,0.01,None
SMD,PIN39,-5.250e-01,-3.500e-01,1.000e-01,-5.250e-01,-3.500e-01,1.000e-01,1.500e-01,0.01,0.01,None
SMD,PIN40,-1.750e-01,-3.500e-01,1.000e-01,-1.750e-01,-3.500e-01,1.000e-01,1.500e-01,0.01,0.01,None
SMD,PIN41,1.750e-01,-3.500e-01,1.000e-01,1.750e-01,-3.500e-01,1.000e-01,1.500e-01,0.01,0.01,None
SMD,PIN42,5.250e-01,-3.500e-01,1.000e-01,5.250e-01,-3.500e-01,1.000e-01,1.500e-01,0.01,0.01,None
SMD,PIN43,8.750e-01,-3.500e-01,1.000e-01,8.750e-01,-3.500e-01,1.000e-01,1.500e-01,0.01,0.01,None
SMD,PIN44,1.225e+00,-3.500e-01,1.000e-01,1.225e+00,-3.500e-01,1.000e-01,1.500e-01,0.01,0.01,None
SMD,PIN45,-1.225e+00,-7.000e-01,1.000e-01,-1.225e+00,-7.000e-01,1.000e-01,1.500e-01,0.01,0.01,None
SMD,PIN46,-8.750e-01,-7.000e-01,1.000e-01,-8.750e-01,-7.000e-01,1.000e-01,1.500e-01,0.01,0.01,None
SMD,PIN47,-5.250e-01,-7.000e-01,1.000e-01,-5.250e-01,-7.000e-01,1.000e-01,1.500e-01,0.01,0.01,None
SMD,PIN48,-1.750e-01,-7.000e-01,1.000e-01,-1.750e-01,-7.000e-01,1.000e-01,1.500e-01,0.01,0.01,None
SMD,PIN49,1.750e-01,-7.000e-01,1.000e-01,1.750e-01,-7.000e-01,1.000e-01,1.500e-01,0.01,0.01,None
SMD,PIN50,5.250e-01,-7.000e-01,1.000e-01,5.250e-01,-7.000e-01,1.000e-01,1.500e-01,0.01,0.01,None
SMD,PIN51,8.750e-01,-7.000e-01,1.000e-01,8.750e-01,-7.000e-01,1.000e-01,1.500e-01,0.01,0.01,None
SMD,PIN52,1.225e+00,-7.000e-01,1.000e-01,1.225e+00,-7.000e-01,1.000e-01,1.500e-01,0.01,0.01,None
SMD,PIN53,-1.225e+00,-1.050e+00,1.000e-01,-1.225e+00,-1.050e+00,1.000e-01,1.500e-01,0.01,0.01,None
SMD,PIN54,-8.750e-01,-1.050e+00,1.000e-01,-8.750e-01,-1.050e+00,1.000e-01,1.500e-01,0.01,0.01,None
SMD,PIN55,-5.250e-01,-1.050e+00,1.000e-01,-5.250e-01,-1.050e+00,1.000e-01,1.500e-01,0.01,0.01,None
SMD,PIN56,-1.750e-01,-1.050e+00,1.000e-01,-1.750e-01,-1.050e+00,1.000e-01,1.500e-01,0.01,0.01,None
SMD,PIN57,1.750e-01,-1.050e+00,1.000e-01,1.750e-01,-1.050e+00,1.000e-01,1.500e-01,0.01,0.01,None
SMD,PIN58,5.250e-01,-1.050e+00,1.000e-01,5.250e-01,-1.050e+00,1.000e-01,1.500e-01,0.01,0.01,None
SMD,PIN59,8.750e-01,-1.050e+00,1.000e-01,8.750e-01,-1.050e+00,1.000e-01,1.500e-01,0.01,0.01,None
SMD,PIN60,1.225e+00,-1.050e+00,1.000e-01,1.225e+00,-1.050e+00,1.000e-01,1.500e-01,0.01,0.01,None
SMD,PIN61,-1.225e+00,-1.400e+00,1.000e-01,-1.225e+00,-1.400e+00,1.000e-01,1.500e-01,0.01,0.01,None
SMD,PIN62,-8.750e-01,-1.400e+00,1.000e-01,-8.750e-01,-1.400e+00,1.000e-01,1.500e-01,0.01,0.01,None
SMD,PIN63,-5.250e-01,-1.400e+00,1.000e-01,-5.250e-01,-1.400e+00,1.000e-01,1.500e-01,0.01,0.01,None
SMD,PIN64,-1.750e-01,-1.400e+00,1.000e-01,-1.750e-01,-1.400e+00,1.000e-01,1.500e-01,0.01,0.01,None
SMD,PIN65,1.750e-01,-1.400e+00,1.000e-01,1.750e-01,-1.400e+00,1.000e-01,1.500e-01,0.01,0.01,None
SMD,PIN66,5.250e-01,-1.400e+00,1.000e-01,5.250e-01,-1.400e+00,1.000e-01,1.500e-01,0.01,0.01,None
SMD,PIN67,8.750e-01,-1.400e+00,1.000e-01,8.750e-01,-1.400e+00,1.000e-01,1.500e-01,0.01,0.01,None
SMD,PIN68,1.225e+00,-1.400e+00,1.000e-01,1.225e+00,-1.400e+00,1.000e-01,1.500e-01,0.01,0.01,None
*Layer,PackageWarpage,Defined
Location,0,0
Thickness,5.000e-01
Part,Polynomial,Solid,1
OB 1.605e+00 1.790e+00 I
OS 1.605e+00 -1.865e+00
OS 1.710e+00 -1.865e+00
OS 1.710e+00 -2.245e+00
OS 1.330e+00 -2.245e+00
OS 1.330e+00 -2.140e+00
OS -1.605e+00 -2.140e+00
OS -1.605e+00 1.690e+00
OS -1.505e+00 1.790e+00
OS 1.605e+00 1.790e+00
OE
*End