*Translation,16.090000840000002,11.2165003,0.3910000000000001
*Rotation,90
*Mirror,False
*IsTop,True
*Layer,SolderJoint
Location,0,0,0.0
Length,8.050e+00,3.150e+00
Thickness,8.000e-02
MisalignmentAngle,0,0.0
SurfaceTension,480.0
Box,-2.540e+00,7.600e-01,1.800e-01,6.900e-01
Box,-2.540e+00,-1.450e+00,1.800e-01,6.900e-01
Box,-2.190e+00,7.600e-01,1.800e-01,6.900e-01
Box,-2.190e+00,-1.450e+00,1.800e-01,6.900e-01
Box,-1.840e+00,7.600e-01,1.800e-01,6.900e-01
Box,-1.840e+00,-1.450e+00,1.800e-01,6.900e-01
Box,-1.490e+00,7.600e-01,1.800e-01,6.900e-01
Box,-1.490e+00,-1.450e+00,1.800e-01,6.900e-01
Box,-1.140e+00,7.600e-01,1.800e-01,6.900e-01
Box,-1.140e+00,-1.450e+00,1.800e-01,6.900e-01
Box,-7.900e-01,7.600e-01,1.800e-01,6.900e-01
Box,-7.900e-01,-1.450e+00,1.800e-01,6.900e-01
Box,-4.400e-01,7.600e-01,1.800e-01,6.900e-01
Box,-4.400e-01,-1.450e+00,1.800e-01,6.900e-01
Box,-9.000e-02,7.600e-01,1.800e-01,6.900e-01
Box,-9.000e-02,-1.450e+00,1.800e-01,6.900e-01
Box,2.600e-01,7.600e-01,1.800e-01,6.900e-01
Box,2.600e-01,-1.450e+00,1.800e-01,6.900e-01
Box,6.100e-01,7.600e-01,1.800e-01,6.900e-01
Box,6.100e-01,-1.450e+00,1.800e-01,6.900e-01
Box,9.600e-01,7.600e-01,1.800e-01,6.900e-01
Box,9.600e-01,-1.450e+00,1.800e-01,6.900e-01
Box,1.310e+00,7.600e-01,1.800e-01,6.900e-01
Box,1.310e+00,-1.450e+00,1.800e-01,6.900e-01
Box,1.660e+00,7.600e-01,1.800e-01,6.900e-01
Box,1.660e+00,-1.450e+00,1.800e-01,6.900e-01
Box,2.010e+00,7.600e-01,1.800e-01,6.900e-01
Box,2.010e+00,-1.450e+00,1.800e-01,6.900e-01
Box,2.360e+00,7.600e-01,1.800e-01,6.900e-01
Box,2.360e+00,-1.450e+00,1.800e-01,6.900e-01
Box,-3.950e+00,3.800e-01,1.200e+00,1.020e+00
Box,-3.950e+00,-1.400e+00,1.200e+00,1.020e+00
Box,2.750e+00,3.800e-01,1.200e+00,1.020e+00
Box,2.750e+00,-1.400e+00,1.200e+00,1.020e+00
*Layer,Package
Location,0,0
Thickness,5.000e-01
Length,8.050e+00,3.150e+00
*End