*Layer,SolderJoint
Location,0,0,0
Length,8.049999999993199,3.1500000000128
Thickness,0.1
MeshGenerationType,Solid,Tetra
MeshPath,PackageMesh
MeshSizeInPlane,0.1
NumberofElementinThickness,5
MaterialID,1
SurfaceTension,480.0
Box,-2.54,0.76000102,0.17999964000000013,0.6900011599999998
Box,-2.54,-1.44999964,0.17999964000000013,0.6900011599999999
Box,-2.1900007,0.76000102,0.17999964000000013,0.6900011599999998
Box,-2.1900007,-1.44999964,0.17999964000000013,0.6900011599999999
Box,-1.83999886,0.76000102,0.1799996399999999,0.6900011599999998
Box,-1.83999886,-1.44999964,0.1799996399999999,0.6900011599999999
Box,-1.48999956,0.76000102,0.1799996399999999,0.6900011599999998
Box,-1.48999956,-1.44999964,0.1799996399999999,0.6900011599999999
Box,-1.14000026,0.76000102,0.17999964000000002,0.6900011599999998
Box,-1.14000026,-1.44999964,0.17999964000000002,0.6900011599999999
Box,-0.79000096,0.76000102,0.17999964000000002,0.6900011599999998
Box,-0.79000096,-1.44999964,0.17999964000000002,0.6900011599999999
Box,-0.43999911999999997,0.76000102,0.17999964000000002,0.6900011599999998
Box,-0.43999911999999997,-1.44999964,0.17999964000000002,0.6900011599999999
Box,-0.08999982,0.76000102,0.17999964,0.6900011599999998
Box,-0.08999982,-1.44999964,0.17999964,0.6900011599999999
Box,0.25999948,0.76000102,0.17999963999999996,0.6900011599999998
Box,0.25999948,-1.44999964,0.17999963999999996,0.6900011599999999
Box,0.60999878,0.76000102,0.17999964000000002,0.6900011599999998
Box,0.60999878,-1.44999964,0.17999964000000002,0.6900011599999999
Box,0.9600006199999999,0.76000102,0.17999964000000002,0.6900011599999998
Box,0.9600006199999999,-1.44999964,0.17999964000000002,0.6900011599999999
Box,1.3099999199999999,0.76000102,0.1799996399999999,0.6900011599999998
Box,1.3099999199999999,-1.44999964,0.1799996399999999,0.6900011599999999
Box,1.65999922,0.76000102,0.1799996399999999,0.6900011599999998
Box,1.65999922,-1.44999964,0.1799996399999999,0.6900011599999999
Box,2.0100010599999996,0.76000102,0.17999964000000013,0.6900011599999998
Box,2.0100010599999996,-1.44999964,0.17999964000000013,0.6900011599999999
Box,2.36000036,0.76000102,0.17999964000000013,0.6900011599999998
Box,2.36000036,-1.44999964,0.17999964000000013,0.6900011599999999
Box,-3.94999972,0.37999923999999996,1.2000001399999998,1.0200004999999996
Box,-3.94999972,-1.39999974,1.2000001399999998,1.0200004999999999
Box,2.74999958,0.37999923999999996,1.2000001399999998,1.0200004999999996
Box,2.74999958,-1.39999974,1.2000001399999998,1.0200004999999999
*Layer,Package
Location,0,0
Length,8.049999999993199,3.1500000000128
Thickness,0.5
MeshGenerationType,Solid,Hexa
MeshPath,PackageMesh
NumberofElementinXDirection,20
NumberofElementinYDirection,20
NumberofElementinThickness,3
MaterialID,2
*Material
Material.txt
*End