*Layer,SolderJoint
Location,0,0,0
Length,10.8100000000228,2.6699999999944
Thickness,0.1
MeshGenerationType,Solid,Tetra
MeshPath,PackageMesh
MeshSizeInPlane,0.1
NumberofElementinThickness,5
MaterialID,1
SurfaceTension,480.0
Box,-3.41499952,0.8200008999999999,0.17999964000000013,0.47999904000000004
Box,-3.41499952,-1.29999994,0.17999964000000013,0.47999904000000004
Box,-3.0650002199999995,0.8200008999999999,0.17999964000000013,0.47999904000000004
Box,-3.0650002199999995,-1.29999994,0.17999964000000013,0.47999904000000004
Box,-2.7150009199999996,0.8200008999999999,0.17999964000000013,0.47999904000000004
Box,-2.7150009199999996,-1.29999994,0.17999964000000013,0.47999904000000004
Box,-2.36499908,0.8200008999999999,0.17999964000000013,0.47999904000000004
Box,-2.36499908,-1.29999994,0.17999964000000013,0.47999904000000004
Box,-2.01499978,0.8200008999999999,0.1799996399999999,0.47999904000000004
Box,-2.01499978,-1.29999994,0.1799996399999999,0.47999904000000004
Box,-1.66500048,0.8200008999999999,0.1799996399999999,0.47999904000000004
Box,-1.66500048,-1.29999994,0.1799996399999999,0.47999904000000004
Box,-1.3150011799999999,0.8200008999999999,0.1799996399999999,0.47999904000000004
Box,-1.3150011799999999,-1.29999994,0.1799996399999999,0.47999904000000004
Box,-0.96499934,0.8200008999999999,0.17999964000000002,0.47999904000000004
Box,-0.96499934,-1.29999994,0.17999964000000002,0.47999904000000004
Box,-0.61500004,0.8200008999999999,0.17999964000000002,0.47999904000000004
Box,-0.61500004,-1.29999994,0.17999964000000002,0.47999904000000004
Box,-0.26500074,0.8200008999999999,0.17999964,0.47999904000000004
Box,-0.26500074,-1.29999994,0.17999964,0.47999904000000004
Box,0.0850011,0.8200008999999999,0.17999963999999996,0.47999904000000004
Box,0.0850011,-1.29999994,0.17999963999999996,0.47999904000000004
Box,0.43500039999999995,0.8200008999999999,0.17999964000000002,0.47999904000000004
Box,0.43500039999999995,-1.29999994,0.17999964000000002,0.47999904000000004
Box,0.7849997,0.8200008999999999,0.17999964000000002,0.47999904000000004
Box,0.7849997,-1.29999994,0.17999964000000002,0.47999904000000004
Box,1.134999,0.8200008999999999,0.1799996399999999,0.47999904000000004
Box,1.134999,-1.29999994,0.1799996399999999,0.47999904000000004
Box,1.4850008399999999,0.8200008999999999,0.1799996399999999,0.47999904000000004
Box,1.4850008399999999,-1.29999994,0.1799996399999999,0.47999904000000004
Box,1.83500014,0.8200008999999999,0.17999964000000013,0.47999904000000004
Box,1.83500014,-1.29999994,0.17999964000000013,0.47999904000000004
Box,2.18499944,0.8200008999999999,0.17999964000000013,0.47999904000000004
Box,2.18499944,-1.29999994,0.17999964000000013,0.47999904000000004
Box,2.53499874,0.8200008999999999,0.17999964000000013,0.47999904000000004
Box,2.53499874,-1.29999994,0.17999964000000013,0.47999904000000004
Box,2.88500058,0.8200008999999999,0.17999964000000013,0.47999904000000004
Box,2.88500058,-1.29999994,0.17999964000000013,0.47999904000000004
Box,3.23499988,0.8200008999999999,0.17999964000000013,0.47999904000000004
Box,3.23499988,-1.29999994,0.17999964000000013,0.47999904000000004
Box,-4.58499972,0.8700007999999999,0.9000007399999999,0.37999923999999985
Box,-4.58499972,-1.25000004,0.9000007399999999,0.37999923999999996
Box,3.68499898,0.8700007999999999,0.9000007399999999,0.37999923999999985
Box,3.68499898,-1.25000004,0.9000007399999999,0.37999923999999996
Box,-5.3299995,-0.42500041999999993,0.47999904000000004,0.8500008399999999
Box,4.8500004599999995,-0.42500041999999993,0.47999904000000004,0.8500008399999999
*Layer,Package
Location,0,0
Length,10.8100000000228,2.6699999999944
Thickness,0.5
MeshGenerationType,Solid,Hexa
MeshPath,PackageMesh
NumberofElementinXDirection,20
NumberofElementinYDirection,20
NumberofElementinThickness,3
MaterialID,2
*Material
Material.txt
*End