*Translation,29.984999719999994,3.3100009999999993,0.3910000000000001
*Rotation,0
*Mirror,False
*IsTop,True
*Layer,PackageWarpage,Defined
Location,0,0,0.0
Length,1.081e+01,2.670e+00
Thickness,8.000e-02
MisalignmentAngle,0,0.0
SurfaceTension,480.0
BoxWarpage,-3.415e+00,8.200e-01,1.800e-01,4.800e-01
BoxWarpage,-3.415e+00,-1.300e+00,1.800e-01,4.800e-01
BoxWarpage,-3.065e+00,8.200e-01,1.800e-01,4.800e-01
BoxWarpage,-3.065e+00,-1.300e+00,1.800e-01,4.800e-01
BoxWarpage,-2.715e+00,8.200e-01,1.800e-01,4.800e-01
BoxWarpage,-2.715e+00,-1.300e+00,1.800e-01,4.800e-01
BoxWarpage,-2.365e+00,8.200e-01,1.800e-01,4.800e-01
BoxWarpage,-2.365e+00,-1.300e+00,1.800e-01,4.800e-01
BoxWarpage,-2.015e+00,8.200e-01,1.800e-01,4.800e-01
BoxWarpage,-2.015e+00,-1.300e+00,1.800e-01,4.800e-01
BoxWarpage,-1.665e+00,8.200e-01,1.800e-01,4.800e-01
BoxWarpage,-1.665e+00,-1.300e+00,1.800e-01,4.800e-01
BoxWarpage,-1.315e+00,8.200e-01,1.800e-01,4.800e-01
BoxWarpage,-1.315e+00,-1.300e+00,1.800e-01,4.800e-01
BoxWarpage,-9.650e-01,8.200e-01,1.800e-01,4.800e-01
BoxWarpage,-9.650e-01,-1.300e+00,1.800e-01,4.800e-01
BoxWarpage,-6.150e-01,8.200e-01,1.800e-01,4.800e-01
BoxWarpage,-6.150e-01,-1.300e+00,1.800e-01,4.800e-01
BoxWarpage,-2.650e-01,8.200e-01,1.800e-01,4.800e-01
BoxWarpage,-2.650e-01,-1.300e+00,1.800e-01,4.800e-01
BoxWarpage,8.500e-02,8.200e-01,1.800e-01,4.800e-01
BoxWarpage,8.500e-02,-1.300e+00,1.800e-01,4.800e-01
BoxWarpage,4.350e-01,8.200e-01,1.800e-01,4.800e-01
BoxWarpage,4.350e-01,-1.300e+00,1.800e-01,4.800e-01
BoxWarpage,7.850e-01,8.200e-01,1.800e-01,4.800e-01
BoxWarpage,7.850e-01,-1.300e+00,1.800e-01,4.800e-01
BoxWarpage,1.135e+00,8.200e-01,1.800e-01,4.800e-01
BoxWarpage,1.135e+00,-1.300e+00,1.800e-01,4.800e-01
BoxWarpage,1.485e+00,8.200e-01,1.800e-01,4.800e-01
BoxWarpage,1.485e+00,-1.300e+00,1.800e-01,4.800e-01
BoxWarpage,1.835e+00,8.200e-01,1.800e-01,4.800e-01
BoxWarpage,1.835e+00,-1.300e+00,1.800e-01,4.800e-01
BoxWarpage,2.185e+00,8.200e-01,1.800e-01,4.800e-01
BoxWarpage,2.185e+00,-1.300e+00,1.800e-01,4.800e-01
BoxWarpage,2.535e+00,8.200e-01,1.800e-01,4.800e-01
BoxWarpage,2.535e+00,-1.300e+00,1.800e-01,4.800e-01
BoxWarpage,2.885e+00,8.200e-01,1.800e-01,4.800e-01
BoxWarpage,2.885e+00,-1.300e+00,1.800e-01,4.800e-01
BoxWarpage,3.235e+00,8.200e-01,1.800e-01,4.800e-01
BoxWarpage,3.235e+00,-1.300e+00,1.800e-01,4.800e-01
BoxWarpage,-4.585e+00,8.700e-01,9.000e-01,3.800e-01
BoxWarpage,-4.585e+00,-1.250e+00,9.000e-01,3.800e-01
BoxWarpage,3.685e+00,8.700e-01,9.000e-01,3.800e-01
BoxWarpage,3.685e+00,-1.250e+00,9.000e-01,3.800e-01
BoxWarpage,-5.330e+00,-4.250e-01,4.800e-01,8.500e-01
BoxWarpage,4.850e+00,-4.250e-01,4.800e-01,8.500e-01
*Layer,PackageWarpage,Defined
Location,0,0
Thickness,5.000e-01
Part,Polynomial,Solid,1
OB -5.405e+00 -5.000e-01 I
OS -5.405e+00 5.000e-01
OS -5.155e+00 5.000e-01
OS -5.155e+00 1.175e+00
OS -4.660e+00 1.175e+00
OS -4.660e+00 1.325e+00
OS -3.490e+00 1.325e+00
OS -3.490e+00 1.335e+00
OS 3.490e+00 1.335e+00
OS 3.490e+00 1.325e+00
OS 4.660e+00 1.325e+00
OS 4.660e+00 1.175e+00
OS 5.155e+00 1.175e+00
OS 5.155e+00 5.000e-01
OS 5.405e+00 5.000e-01
OS 5.405e+00 -5.000e-01
OS 5.155e+00 -5.000e-01
OS 5.155e+00 -1.175e+00
OS 4.660e+00 -1.175e+00
OS 4.660e+00 -1.325e+00
OS 3.490e+00 -1.325e+00
OS 3.490e+00 -1.335e+00
OS -3.490e+00 -1.335e+00
OS -3.490e+00 -1.325e+00
OS -4.660e+00 -1.325e+00
OS -4.660e+00 -1.175e+00
OS -5.155e+00 -1.175e+00
OS -5.155e+00 -5.000e-01
OS -5.405e+00 -5.000e-01
OE
*End