*Layer,SolderJoint
Location,0,0,0
Length,13.350000000022801,2.6699999999944
Thickness,0.1
MeshGenerationType,Solid,Tetra
MeshPath,PackageMesh
MeshSizeInPlane,0.1
NumberofElementinThickness,5
MaterialID,1
SurfaceTension,480.0
Box,-4.81499926,0.79000096,0.17999964000000013,0.50999898
Box,-4.81499926,-1.29999994,0.17999964000000013,0.50999898
Box,-4.46499996,0.79000096,0.17999964000000013,0.50999898
Box,-4.46499996,-1.29999994,0.17999964000000013,0.50999898
Box,-4.11500066,0.79000096,0.17999964000000013,0.50999898
Box,-4.11500066,-1.29999994,0.17999964000000013,0.50999898
Box,-3.76499882,0.79000096,0.17999964000000013,0.50999898
Box,-3.76499882,-1.29999994,0.17999964000000013,0.50999898
Box,-3.41499952,0.79000096,0.17999964000000013,0.50999898
Box,-3.41499952,-1.29999994,0.17999964000000013,0.50999898
Box,-3.0650002199999995,0.79000096,0.17999964000000013,0.50999898
Box,-3.0650002199999995,-1.29999994,0.17999964000000013,0.50999898
Box,-2.7150009199999996,0.79000096,0.17999964000000013,0.50999898
Box,-2.7150009199999996,-1.29999994,0.17999964000000013,0.50999898
Box,-2.36499908,0.79000096,0.17999964000000013,0.50999898
Box,-2.36499908,-1.29999994,0.17999964000000013,0.50999898
Box,-2.01499978,0.79000096,0.1799996399999999,0.50999898
Box,-2.01499978,-1.29999994,0.1799996399999999,0.50999898
Box,-1.66500048,0.79000096,0.1799996399999999,0.50999898
Box,-1.66500048,-1.29999994,0.1799996399999999,0.50999898
Box,-1.3150011799999999,0.79000096,0.1799996399999999,0.50999898
Box,-1.3150011799999999,-1.29999994,0.1799996399999999,0.50999898
Box,-0.96499934,0.79000096,0.17999964000000002,0.50999898
Box,-0.96499934,-1.29999994,0.17999964000000002,0.50999898
Box,-0.61500004,0.79000096,0.17999964000000002,0.50999898
Box,-0.61500004,-1.29999994,0.17999964000000002,0.50999898
Box,-0.26500074,0.79000096,0.17999964,0.50999898
Box,-0.26500074,-1.29999994,0.17999964,0.50999898
Box,0.0850011,0.79000096,0.17999963999999996,0.50999898
Box,0.0850011,-1.29999994,0.17999963999999996,0.50999898
Box,0.43500039999999995,0.79000096,0.17999964000000002,0.50999898
Box,0.43500039999999995,-1.29999994,0.17999964000000002,0.50999898
Box,0.7849997,0.79000096,0.17999964000000002,0.50999898
Box,0.7849997,-1.29999994,0.17999964000000002,0.50999898
Box,1.134999,0.79000096,0.1799996399999999,0.50999898
Box,1.134999,-1.29999994,0.1799996399999999,0.50999898
Box,1.4850008399999999,0.79000096,0.1799996399999999,0.50999898
Box,1.4850008399999999,-1.29999994,0.1799996399999999,0.50999898
Box,1.83500014,0.79000096,0.17999964000000013,0.50999898
Box,1.83500014,-1.29999994,0.17999964000000013,0.50999898
Box,2.18499944,0.79000096,0.17999964000000013,0.50999898
Box,2.18499944,-1.29999994,0.17999964000000013,0.50999898
Box,2.53499874,0.79000096,0.17999964000000013,0.50999898
Box,2.53499874,-1.29999994,0.17999964000000013,0.50999898
Box,2.88500058,0.79000096,0.17999964000000013,0.50999898
Box,2.88500058,-1.29999994,0.17999964000000013,0.50999898
Box,3.23499988,0.79000096,0.17999964000000013,0.50999898
Box,3.23499988,-1.29999994,0.17999964000000013,0.50999898
Box,3.58499918,0.79000096,0.17999964000000013,0.50999898
Box,3.58499918,-1.29999994,0.17999964000000013,0.50999898
Box,3.93500102,0.79000096,0.17999963999999968,0.50999898
Box,3.93500102,-1.29999994,0.17999963999999968,0.50999898
Box,4.28500032,0.79000096,0.17999964000000013,0.50999898
Box,4.28500032,-1.29999994,0.17999964000000013,0.50999898
Box,4.63499962,0.79000096,0.17999964000000013,0.50999898
Box,4.63499962,-1.29999994,0.17999964000000013,0.50999898
Box,-5.79000112,0.83000088,0.7749997200000003,0.37999924000000007
Box,-5.79000112,-1.21000012,0.7749997200000003,0.37999923999999996
Box,-6.599999499999999,0.34999929999999996,0.6500012399999999,0.9000007400000001
Box,-6.599999499999999,-1.25000004,0.6500012399999999,0.90000074
Box,5.0149988599999995,0.83000088,0.7749997200000003,0.37999924000000007
Box,5.0149988599999995,-1.21000012,0.7749997200000003,0.37999923999999996
Box,5.9500008,0.34999929999999996,0.6500012399999999,0.9000007400000001
Box,5.9500008,-1.25000004,0.6500012399999999,0.90000074
*Layer,Package
Location,0,0
Length,13.350000000022801,2.6699999999944
Thickness,0.5
MeshGenerationType,Solid,Hexa
MeshPath,PackageMesh
NumberofElementinXDirection,20
NumberofElementinYDirection,20
NumberofElementinThickness,3
MaterialID,2
*Material
Material.txt
*End