*Layer,SolderJoint
Location,0,0,0
Length,12.349999999976,2.5500000000151997
Thickness,0.1
MeshGenerationType,Solid,Tetra
MeshPath,PackageMesh
MeshSizeInPlane,0.1
NumberofElementinThickness,5
MaterialID,1
SurfaceTension,480.0
Box,-4.429998759999999,0.84000086,0.1599996800000003,0.35999928000000003
Box,-4.429998759999999,-1.2000001399999998,0.1599996800000003,0.35999928000000003
Box,-4.12999936,0.84000086,0.15999967999999987,0.35999928000000003
Box,-4.12999936,-1.2000001399999998,0.15999967999999987,0.35999928000000003
Box,-3.8299999599999994,0.84000086,0.15999967999999987,0.35999928000000003
Box,-3.8299999599999994,-1.2000001399999998,0.15999967999999987,0.35999928000000003
Box,-3.53000056,0.84000086,0.15999967999999987,0.35999928000000003
Box,-3.53000056,-1.2000001399999998,0.15999967999999987,0.35999928000000003
Box,-3.23000116,0.84000086,0.15999967999999987,0.35999928000000003
Box,-3.23000116,-1.2000001399999998,0.15999967999999987,0.35999928000000003
Box,-2.92999922,0.84000086,0.15999967999999987,0.35999928000000003
Box,-2.92999922,-1.2000001399999998,0.15999967999999987,0.35999928000000003
Box,-2.62999982,0.84000086,0.15999967999999987,0.35999928000000003
Box,-2.62999982,-1.2000001399999998,0.15999967999999987,0.35999928000000003
Box,-2.3300004199999997,0.84000086,0.15999967999999987,0.35999928000000003
Box,-2.3300004199999997,-1.2000001399999998,0.15999967999999987,0.35999928000000003
Box,-2.03000102,0.84000086,0.15999967999999987,0.35999928000000003
Box,-2.03000102,-1.2000001399999998,0.15999967999999987,0.35999928000000003
Box,-1.7299990799999998,0.84000086,0.15999967999999987,0.35999928000000003
Box,-1.7299990799999998,-1.2000001399999998,0.15999967999999987,0.35999928000000003
Box,-1.4299996799999999,0.84000086,0.15999967999999987,0.35999928000000003
Box,-1.4299996799999999,-1.2000001399999998,0.15999967999999987,0.35999928000000003
Box,-1.13000028,0.84000086,0.15999967999999998,0.35999928000000003
Box,-1.13000028,-1.2000001399999998,0.15999967999999998,0.35999928000000003
Box,-0.83000088,0.84000086,0.15999967999999998,0.35999928000000003
Box,-0.83000088,-1.2000001399999998,0.15999967999999998,0.35999928000000003
Box,-0.5299989399999999,0.84000086,0.15999967999999998,0.35999928000000003
Box,-0.5299989399999999,-1.2000001399999998,0.15999967999999998,0.35999928000000003
Box,-0.22999953999999997,0.84000086,0.15999967999999998,0.35999928000000003
Box,-0.22999953999999997,-1.2000001399999998,0.15999967999999998,0.35999928000000003
Box,0.06999986,0.84000086,0.15999967999999998,0.35999928000000003
Box,0.06999986,-1.2000001399999998,0.15999967999999998,0.35999928000000003
Box,0.36999926,0.84000086,0.15999968000000003,0.35999928000000003
Box,0.36999926,-1.2000001399999998,0.15999968000000003,0.35999928000000003
Box,0.6700012,0.84000086,0.15999967999999998,0.35999928000000003
Box,0.6700012,-1.2000001399999998,0.15999967999999998,0.35999928000000003
Box,0.9700006,0.84000086,0.15999967999999998,0.35999928000000003
Box,0.9700006,-1.2000001399999998,0.15999967999999998,0.35999928000000003
Box,1.27,0.84000086,0.15999967999999987,0.35999928000000003
Box,1.27,-1.2000001399999998,0.15999967999999987,0.35999928000000003
Box,1.5699994,0.84000086,0.15999967999999987,0.35999928000000003
Box,1.5699994,-1.2000001399999998,0.15999967999999987,0.35999928000000003
Box,1.8699988,0.84000086,0.1599996800000001,0.35999928000000003
Box,1.8699988,-1.2000001399999998,0.1599996800000001,0.35999928000000003
Box,2.17000074,0.84000086,0.15999967999999987,0.35999928000000003
Box,2.17000074,-1.2000001399999998,0.15999967999999987,0.35999928000000003
Box,2.47000014,0.84000086,0.15999967999999987,0.35999928000000003
Box,2.47000014,-1.2000001399999998,0.15999967999999987,0.35999928000000003
Box,2.7699995399999997,0.84000086,0.15999967999999987,0.35999928000000003
Box,2.7699995399999997,-1.2000001399999998,0.15999967999999987,0.35999928000000003
Box,3.06999894,0.84000086,0.15999967999999987,0.35999928000000003
Box,3.06999894,-1.2000001399999998,0.15999967999999987,0.35999928000000003
Box,3.3700008799999996,0.84000086,0.15999967999999987,0.35999928000000003
Box,3.3700008799999996,-1.2000001399999998,0.15999967999999987,0.35999928000000003
Box,3.67000028,0.84000086,0.15999967999999987,0.35999928000000003
Box,3.67000028,-1.2000001399999998,0.15999967999999987,0.35999928000000003
Box,3.96999968,0.84000086,0.1599996800000003,0.35999928000000003
Box,3.96999968,-1.2000001399999998,0.1599996800000003,0.35999928000000003
Box,4.26999908,0.84000086,0.1599996800000003,0.35999928000000003
Box,4.26999908,-1.2000001399999998,0.1599996800000003,0.35999928000000003
Box,-4.74000068,0.14500097999999997,0.19999959999999994,0.19999960000000003
Box,-4.74000068,-0.34500057999999995,0.19999959999999994,0.1999996
Box,4.54000108,0.14500097999999997,0.19999959999999994,0.19999960000000003
Box,4.54000108,-0.34500057999999995,0.19999959999999994,0.1999996
Box,-6.100000499999999,-1.15000024,1.4699996000000004,2.30000048
Box,4.6300009,-1.15000024,1.4699996000000004,2.30000048
*Layer,Package
Location,0,0
Length,12.349999999976,2.5500000000151997
Thickness,0.5
MeshGenerationType,Solid,Hexa
MeshPath,PackageMesh
NumberofElementinXDirection,20
NumberofElementinYDirection,20
NumberofElementinThickness,3
MaterialID,2
*Material
Material.txt
*End