*Translation,25.07749874,0.7465999799999999,0.3910000000000001
*Rotation,0
*Mirror,False
*IsTop,True
*Layer,SolderJoint
Location,0,0,0.0
Length,1.884e+01,2.080e+01
Thickness,8.000e-02
MisalignmentAngle,0,0.0
SurfaceTension,480.0
Box,-5.238e+00,9.777e+00,3.350e+00,4.000e-01
Box,-1.337e+00,5.389e+00,5.972e-01,3.717e+00
Box,-1.502e+00,2.738e+00,4.000e-01,2.060e+00
Box,-1.585e+00,-4.655e-01,2.213e+00,2.204e+00
Box,1.627e+00,-3.916e-01,5.640e+00,4.000e-01
Box,7.938e+00,-6.020e+00,4.000e-01,4.960e+00
Box,6.660e+00,-9.107e+00,1.488e+00,2.707e+00
Box,-2.088e+00,-1.018e+01,8.160e+00,4.000e-01
Box,-3.158e+00,-9.107e+00,4.000e-01,1.990e+00
Box,-4.888e+00,-6.113e+00,2.204e+00,2.213e+00
Box,-7.268e+00,-4.383e+00,1.380e+00,4.000e-01
Box,-8.338e+00,-3.313e+00,4.000e-01,7.980e+00
Box,-7.457e+00,5.291e+00,1.624e+00,3.816e+00
Cylinder,-5.853e+00,9.721e+00,1.500e-01
Cylinder,-1.278e+00,9.722e+00,1.500e-01
Cylinder,-1.258e+00,5.155e+00,1.500e-01
Cylinder,-1.302e+00,2.238e+00,1.500e-01
Cylinder,1.128e+00,-1.916e-01,1.500e-01
Cylinder,7.883e+00,-4.466e-01,1.500e-01
Cylinder,6.688e+00,-9.721e+00,1.500e-01
Cylinder,-2.703e+00,-9.721e+00,1.500e-01
Cylinder,-2.958e+00,-6.613e+00,1.500e-01
Cylinder,-5.388e+00,-4.183e+00,1.500e-01
Cylinder,-7.883e+00,-3.928e+00,1.500e-01
Cylinder,-7.918e+00,5.249e+00,1.500e-01
*Layer,Package
Location,0,0
Thickness,5.000e-01
Length,1.884e+01,2.080e+01
*End