*Layer,SolderJointWarpage,SolderJointWarped
Location,0,0,0
Length,5.0047e+01,6.7878e+01
Thickness,0.08
MeshGenerationType,Solid,Tetra
MeshPath,PackageMesh
MeshSizeInPlane,0.1
NumberofElementinThickness,5
MaterialID,1
DetailSolder,True
MisalignmentAngle,0,0.0
SurfaceTension,480.0
SMD,PIN1,9.169e+00,2.063e+01,2.000e-01,9.169e+00,2.063e+01,2.000e-01,3.000e-01,1.000e-02,1.000e-02,None
SMD,PIN2,8.819e+00,2.123e+01,2.000e-01,8.819e+00,2.123e+01,2.000e-01,3.000e-01,1.000e-02,1.000e-02,None
SMD,PIN3,8.819e+00,2.002e+01,2.000e-01,8.819e+00,2.002e+01,2.000e-01,3.000e-01,1.000e-02,1.000e-02,None
SMD,PIN4,8.469e+00,2.063e+01,2.000e-01,8.469e+00,2.063e+01,2.000e-01,3.000e-01,1.000e-02,1.000e-02,None
SMD,PIN5,8.119e+00,2.123e+01,2.000e-01,8.119e+00,2.123e+01,2.000e-01,3.000e-01,1.000e-02,1.000e-02,None
SMD,PIN6,8.119e+00,2.002e+01,2.000e-01,8.119e+00,2.002e+01,2.000e-01,3.000e-01,1.000e-02,1.000e-02,None
SMD,PIN7,7.769e+00,2.063e+01,2.000e-01,7.769e+00,2.063e+01,2.000e-01,3.000e-01,1.000e-02,1.000e-02,None
SMD,PIN8,7.419e+00,2.123e+01,2.000e-01,7.419e+00,2.123e+01,2.000e-01,3.000e-01,1.000e-02,1.000e-02,None
SMD,PIN9,7.419e+00,2.002e+01,2.000e-01,7.419e+00,2.002e+01,2.000e-01,3.000e-01,1.000e-02,1.000e-02,None
SMD,PIN10,7.069e+00,2.063e+01,2.000e-01,7.069e+00,2.063e+01,2.000e-01,3.000e-01,1.000e-02,1.000e-02,None
SMD,PIN11,6.719e+00,2.123e+01,2.000e-01,6.719e+00,2.123e+01,2.000e-01,3.000e-01,1.000e-02,1.000e-02,None
SMD,PIN12,6.719e+00,2.002e+01,2.000e-01,6.719e+00,2.002e+01,2.000e-01,3.000e-01,1.000e-02,1.000e-02,None
SMD,PIN13,6.369e+00,2.063e+01,2.000e-01,6.369e+00,2.063e+01,2.000e-01,3.000e-01,1.000e-02,1.000e-02,None
SMD,PIN14,6.019e+00,2.123e+01,2.000e-01,6.019e+00,2.123e+01,2.000e-01,3.000e-01,1.000e-02,1.000e-02,None
SMD,PIN15,6.019e+00,2.002e+01,2.000e-01,6.019e+00,2.002e+01,2.000e-01,3.000e-01,1.000e-02,1.000e-02,None
SMD,PIN16,5.669e+00,2.063e+01,2.000e-01,5.669e+00,2.063e+01,2.000e-01,3.000e-01,1.000e-02,1.000e-02,None
SMD,PIN17,5.319e+00,2.123e+01,2.000e-01,5.319e+00,2.123e+01,2.000e-01,3.000e-01,1.000e-02,1.000e-02,None
SMD,PIN18,5.319e+00,2.002e+01,2.000e-01,5.319e+00,2.002e+01,2.000e-01,3.000e-01,1.000e-02,1.000e-02,None
SMD,PIN19,4.969e+00,2.063e+01,2.000e-01,4.969e+00,2.063e+01,2.000e-01,3.000e-01,1.000e-02,1.000e-02,None
SMD,PIN20,4.619e+00,2.123e+01,2.000e-01,4.619e+00,2.123e+01,2.000e-01,3.000e-01,1.000e-02,1.000e-02,None
SMD,PIN21,4.619e+00,2.002e+01,2.000e-01,4.619e+00,2.002e+01,2.000e-01,3.000e-01,1.000e-02,1.000e-02,None
SMD,PIN22,4.269e+00,2.063e+01,2.000e-01,4.269e+00,2.063e+01,2.000e-01,3.000e-01,1.000e-02,1.000e-02,None
SMD,PIN23,3.919e+00,2.123e+01,2.000e-01,3.919e+00,2.123e+01,2.000e-01,3.000e-01,1.000e-02,1.000e-02,None
SMD,PIN24,3.919e+00,2.002e+01,2.000e-01,3.919e+00,2.002e+01,2.000e-01,3.000e-01,1.000e-02,1.000e-02,None
SMD,PIN25,3.569e+00,2.063e+01,2.000e-01,3.569e+00,2.063e+01,2.000e-01,3.000e-01,1.000e-02,1.000e-02,None
SMD,PIN26,3.219e+00,2.123e+01,2.000e-01,3.219e+00,2.123e+01,2.000e-01,3.000e-01,1.000e-02,1.000e-02,None
SMD,PIN27,3.219e+00,2.002e+01,2.000e-01,3.219e+00,2.002e+01,2.000e-01,3.000e-01,1.000e-02,1.000e-02,None
SMD,PIN28,2.869e+00,2.063e+01,2.000e-01,2.869e+00,2.063e+01,2.000e-01,3.000e-01,1.000e-02,1.000e-02,None
SMD,PIN29,2.519e+00,2.123e+01,2.000e-01,2.519e+00,2.123e+01,2.000e-01,3.000e-01,1.000e-02,1.000e-02,None
SMD,PIN30,2.519e+00,2.002e+01,2.000e-01,2.519e+00,2.002e+01,2.000e-01,3.000e-01,1.000e-02,1.000e-02,None
SMD,PIN31,2.169e+00,2.063e+01,2.000e-01,2.169e+00,2.063e+01,2.000e-01,3.000e-01,1.000e-02,1.000e-02,None
SMD,PIN32,1.819e+00,2.123e+01,2.000e-01,1.819e+00,2.123e+01,2.000e-01,3.000e-01,1.000e-02,1.000e-02,None
SMD,PIN33,1.819e+00,2.002e+01,2.000e-01,1.819e+00,2.002e+01,2.000e-01,3.000e-01,1.000e-02,1.000e-02,None
SMD,PIN34,1.469e+00,2.063e+01,2.000e-01,1.469e+00,2.063e+01,2.000e-01,3.000e-01,1.000e-02,1.000e-02,None
SMD,PIN35,1.119e+00,2.123e+01,2.000e-01,1.119e+00,2.123e+01,2.000e-01,3.000e-01,1.000e-02,1.000e-02,None
SMD,PIN36,1.119e+00,2.002e+01,2.000e-01,1.119e+00,2.002e+01,2.000e-01,3.000e-01,1.000e-02,1.000e-02,None
SMD,PIN37,7.692e-01,2.063e+01,2.000e-01,7.692e-01,2.063e+01,2.000e-01,3.000e-01,1.000e-02,1.000e-02,None
SMD,PIN38,4.192e-01,2.123e+01,2.000e-01,4.192e-01,2.123e+01,2.000e-01,3.000e-01,1.000e-02,1.000e-02,None
SMD,PIN39,4.192e-01,2.002e+01,2.000e-01,4.192e-01,2.002e+01,2.000e-01,3.000e-01,1.000e-02,1.000e-02,None
SMD,PIN40,6.925e-02,2.063e+01,2.000e-01,6.925e-02,2.063e+01,2.000e-01,3.000e-01,1.000e-02,1.000e-02,None
SMD,PIN41,-2.807e-01,2.123e+01,2.000e-01,-2.807e-01,2.123e+01,2.000e-01,3.000e-01,1.000e-02,1.000e-02,None
SMD,PIN42,-2.807e-01,2.002e+01,2.000e-01,-2.807e-01,2.002e+01,2.000e-01,3.000e-01,1.000e-02,1.000e-02,None
SMD,PIN43,-6.308e-01,2.063e+01,2.000e-01,-6.308e-01,2.063e+01,2.000e-01,3.000e-01,1.000e-02,1.000e-02,None
SMD,PIN44,-9.807e-01,2.123e+01,2.000e-01,-9.807e-01,2.123e+01,2.000e-01,3.000e-01,1.000e-02,1.000e-02,None
SMD,PIN45,-9.807e-01,2.002e+01,2.000e-01,-9.807e-01,2.002e+01,2.000e-01,3.000e-01,1.000e-02,1.000e-02,None
SMD,PIN46,-1.331e+00,2.063e+01,2.000e-01,-1.331e+00,2.063e+01,2.000e-01,3.000e-01,1.000e-02,1.000e-02,None
SMD,PIN47,-1.681e+00,2.123e+01,2.000e-01,-1.681e+00,2.123e+01,2.000e-01,3.000e-01,1.000e-02,1.000e-02,None
SMD,PIN48,-1.681e+00,2.002e+01,2.000e-01,-1.681e+00,2.002e+01,2.000e-01,3.000e-01,1.000e-02,1.000e-02,None
SMD,PIN49,-2.031e+00,2.063e+01,2.000e-01,-2.031e+00,2.063e+01,2.000e-01,3.000e-01,1.000e-02,1.000e-02,None
SMD,PIN50,-2.381e+00,2.123e+01,2.000e-01,-2.381e+00,2.123e+01,2.000e-01,3.000e-01,1.000e-02,1.000e-02,None
SMD,PIN51,-2.381e+00,2.002e+01,2.000e-01,-2.381e+00,2.002e+01,2.000e-01,3.000e-01,1.000e-02,1.000e-02,None
SMD,PIN52,-2.731e+00,2.063e+01,2.000e-01,-2.731e+00,2.063e+01,2.000e-01,3.000e-01,1.000e-02,1.000e-02,None
SMD,PIN53,-3.081e+00,2.123e+01,2.000e-01,-3.081e+00,2.123e+01,2.000e-01,3.000e-01,1.000e-02,1.000e-02,None
SMD,PIN54,-3.081e+00,2.002e+01,2.000e-01,-3.081e+00,2.002e+01,2.000e-01,3.000e-01,1.000e-02,1.000e-02,None
SMD,PIN55,-3.431e+00,2.063e+01,2.000e-01,-3.431e+00,2.063e+01,2.000e-01,3.000e-01,1.000e-02,1.000e-02,None
SMD,PIN56,-3.781e+00,2.123e+01,2.000e-01,-3.781e+00,2.123e+01,2.000e-01,3.000e-01,1.000e-02,1.000e-02,None
SMD,PIN57,-3.781e+00,2.002e+01,2.000e-01,-3.781e+00,2.002e+01,2.000e-01,3.000e-01,1.000e-02,1.000e-02,None
SMD,PIN58,-4.131e+00,2.063e+01,2.000e-01,-4.131e+00,2.063e+01,2.000e-01,3.000e-01,1.000e-02,1.000e-02,None
SMD,PIN59,-4.481e+00,2.123e+01,2.000e-01,-4.481e+00,2.123e+01,2.000e-01,3.000e-01,1.000e-02,1.000e-02,None
SMD,PIN60,-4.481e+00,2.002e+01,2.000e-01,-4.481e+00,2.002e+01,2.000e-01,3.000e-01,1.000e-02,1.000e-02,None
SMD,PIN61,-4.831e+00,2.063e+01,2.000e-01,-4.831e+00,2.063e+01,2.000e-01,3.000e-01,1.000e-02,1.000e-02,None
SMD,PIN62,-5.181e+00,2.123e+01,2.000e-01,-5.181e+00,2.123e+01,2.000e-01,3.000e-01,1.000e-02,1.000e-02,None
SMD,PIN63,-5.181e+00,2.002e+01,2.000e-01,-5.181e+00,2.002e+01,2.000e-01,3.000e-01,1.000e-02,1.000e-02,None
SMD,PIN64,-5.531e+00,2.063e+01,2.000e-01,-5.531e+00,2.063e+01,2.000e-01,3.000e-01,1.000e-02,1.000e-02,None
SMD,PIN65,-5.881e+00,2.123e+01,2.000e-01,-5.881e+00,2.123e+01,2.000e-01,3.000e-01,1.000e-02,1.000e-02,None
SMD,PIN66,-5.881e+00,2.002e+01,2.000e-01,-5.881e+00,2.002e+01,2.000e-01,3.000e-01,1.000e-02,1.000e-02,None
SMD,PIN67,-6.231e+00,2.063e+01,2.000e-01,-6.231e+00,2.063e+01,2.000e-01,3.000e-01,1.000e-02,1.000e-02,None
SMD,PIN68,-6.599e+00,2.122e+01,2.000e-01,-6.599e+00,2.122e+01,2.000e-01,3.000e-01,1.000e-02,1.000e-02,None
SMD,PIN69,-6.869e+00,2.034e+01,2.000e-01,-6.869e+00,2.034e+01,2.000e-01,3.000e-01,1.000e-02,1.000e-02,None
SMD,PIN70,-6.449e+00,1.960e+01,2.000e-01,-6.449e+00,1.960e+01,2.000e-01,3.000e-01,1.000e-02,1.000e-02,None
SMD,PIN71,-7.164e+00,1.960e+01,2.000e-01,-7.164e+00,1.960e+01,2.000e-01,3.000e-01,1.000e-02,1.000e-02,None
SMD,PIN72,-6.874e+00,1.895e+01,2.000e-01,-6.874e+00,1.895e+01,2.000e-01,3.000e-01,1.000e-02,1.000e-02,None
SMD,PIN73,-8.004e+00,1.884e+01,2.000e-01,-8.004e+00,1.884e+01,2.000e-01,3.000e-01,1.000e-02,1.000e-02,None
SMD,PIN74,-7.399e+00,1.848e+01,2.000e-01,-7.399e+00,1.848e+01,2.000e-01,3.000e-01,1.000e-02,1.000e-02,None
SMD,PIN75,-8.174e+00,1.812e+01,2.000e-01,-8.174e+00,1.812e+01,2.000e-01,3.000e-01,1.000e-02,1.000e-02,None
SMD,PIN76,-9.234e+00,1.862e+01,2.000e-01,-9.234e+00,1.862e+01,2.000e-01,3.000e-01,1.000e-02,1.000e-02,None
SMD,PIN77,-8.869e+00,1.801e+01,2.000e-01,-8.869e+00,1.801e+01,2.000e-01,3.000e-01,1.000e-02,1.000e-02,None
SMD,PIN78,-1.005e+01,1.867e+01,2.000e-01,-1.005e+01,1.867e+01,2.000e-01,3.000e-01,1.000e-02,1.000e-02,None
SMD,PIN79,-9.574e+00,1.801e+01,2.000e-01,-9.574e+00,1.801e+01,2.000e-01,3.000e-01,1.000e-02,1.000e-02,None
SMD,PIN80,-1.027e+01,1.801e+01,2.000e-01,-1.027e+01,1.801e+01,2.000e-01,3.000e-01,1.000e-02,1.000e-02,None
SMD,PIN81,-1.156e+01,2.195e+01,2.000e-01,-1.156e+01,2.195e+01,2.000e-01,3.000e-01,1.000e-02,1.000e-02,None
SMD,PIN82,-1.226e+01,2.195e+01,2.000e-01,-1.226e+01,2.195e+01,2.000e-01,3.000e-01,1.000e-02,1.000e-02,None
SMD,PIN83,-1.296e+01,2.195e+01,2.000e-01,-1.296e+01,2.195e+01,2.000e-01,3.000e-01,1.000e-02,1.000e-02,None
SMD,PIN84,-1.366e+01,2.195e+01,2.000e-01,-1.366e+01,2.195e+01,2.000e-01,3.000e-01,1.000e-02,1.000e-02,None
SMD,PIN85,-1.436e+01,2.195e+01,2.000e-01,-1.436e+01,2.195e+01,2.000e-01,3.000e-01,1.000e-02,1.000e-02,None
SMD,PIN86,-1.506e+01,2.195e+01,2.000e-01,-1.506e+01,2.195e+01,2.000e-01,3.000e-01,1.000e-02,1.000e-02,None
SMD,PIN87,-1.576e+01,2.195e+01,2.000e-01,-1.576e+01,2.195e+01,2.000e-01,3.000e-01,1.000e-02,1.000e-02,None
SMD,PIN88,-1.646e+01,2.195e+01,2.000e-01,-1.646e+01,2.195e+01,2.000e-01,3.000e-01,1.000e-02,1.000e-02,None
SMD,PIN89,-1.716e+01,2.195e+01,2.000e-01,-1.716e+01,2.195e+01,2.000e-01,3.000e-01,1.000e-02,1.000e-02,None
SMD,PIN90,-1.786e+01,2.195e+01,2.000e-01,-1.786e+01,2.195e+01,2.000e-01,3.000e-01,1.000e-02,1.000e-02,None
SMD,PIN91,-1.121e+01,2.134e+01,2.000e-01,-1.121e+01,2.134e+01,2.000e-01,3.000e-01,1.000e-02,1.000e-02,None
SMD,PIN92,-1.191e+01,2.134e+01,2.000e-01,-1.191e+01,2.134e+01,2.000e-01,3.000e-01,1.000e-02,1.000e-02,None
SMD,PIN93,-1.261e+01,2.134e+01,2.000e-01,-1.261e+01,2.134e+01,2.000e-01,3.000e-01,1.000e-02,1.000e-02,None
SMD,PIN94,-1.331e+01,2.134e+01,2.000e-01,-1.331e+01,2.134e+01,2.000e-01,3.000e-01,1.000e-02,1.000e-02,None
SMD,PIN95,-1.401e+01,2.134e+01,2.000e-01,-1.401e+01,2.134e+01,2.000e-01,3.000e-01,1.000e-02,1.000e-02,None
SMD,PIN96,-1.471e+01,2.134e+01,2.000e-01,-1.471e+01,2.134e+01,2.000e-01,3.000e-01,1.000e-02,1.000e-02,None
SMD,PIN97,-1.541e+01,2.134e+01,2.000e-01,-1.541e+01,2.134e+01,2.000e-01,3.000e-01,1.000e-02,1.000e-02,None
SMD,PIN98,-1.611e+01,2.134e+01,2.000e-01,-1.611e+01,2.134e+01,2.000e-01,3.000e-01,1.000e-02,1.000e-02,None
SMD,PIN99,-1.681e+01,2.134e+01,2.000e-01,-1.681e+01,2.134e+01,2.000e-01,3.000e-01,1.000e-02,1.000e-02,None
SMD,PIN100,-1.156e+01,2.073e+01,2.000e-01,-1.156e+01,2.073e+01,2.000e-01,3.000e-01,1.000e-02,1.000e-02,None
SMD,PIN101,-1.226e+01,2.073e+01,2.000e-01,-1.226e+01,2.073e+01,2.000e-01,3.000e-01,1.000e-02,1.000e-02,None
SMD,PIN102,-1.296e+01,2.073e+01,2.000e-01,-1.296e+01,2.073e+01,2.000e-01,3.000e-01,1.000e-02,1.000e-02,None
SMD,PIN103,-1.366e+01,2.073e+01,2.000e-01,-1.366e+01,2.073e+01,2.000e-01,3.000e-01,1.000e-02,1.000e-02,None
SMD,PIN104,-1.436e+01,2.073e+01,2.000e-01,-1.436e+01,2.073e+01,2.000e-01,3.000e-01,1.000e-02,1.000e-02,None
SMD,PIN105,-1.506e+01,2.073e+01,2.000e-01,-1.506e+01,2.073e+01,2.000e-01,3.000e-01,1.000e-02,1.000e-02,None
SMD,PIN106,-1.576e+01,2.073e+01,2.000e-01,-1.576e+01,2.073e+01,2.000e-01,3.000e-01,1.000e-02,1.000e-02,None
SMD,PIN107,-1.646e+01,2.073e+01,2.000e-01,-1.646e+01,2.073e+01,2.000e-01,3.000e-01,1.000e-02,1.000e-02,None
SMD,PIN108,-1.716e+01,2.073e+01,2.000e-01,-1.716e+01,2.073e+01,2.000e-01,3.000e-01,1.000e-02,1.000e-02,None
SMD,PIN109,-1.786e+01,2.073e+01,2.000e-01,-1.786e+01,2.073e+01,2.000e-01,3.000e-01,1.000e-02,1.000e-02,None
SMD,PIN110,-1.121e+01,2.012e+01,2.000e-01,-1.121e+01,2.012e+01,2.000e-01,3.000e-01,1.000e-02,1.000e-02,None
SMD,PIN111,-1.191e+01,2.012e+01,2.000e-01,-1.191e+01,2.012e+01,2.000e-01,3.000e-01,1.000e-02,1.000e-02,None
SMD,PIN112,-1.261e+01,2.012e+01,2.000e-01,-1.261e+01,2.012e+01,2.000e-01,3.000e-01,1.000e-02,1.000e-02,None
SMD,PIN113,-1.331e+01,2.012e+01,2.000e-01,-1.331e+01,2.012e+01,2.000e-01,3.000e-01,1.000e-02,1.000e-02,None
SMD,PIN114,-1.401e+01,2.012e+01,2.000e-01,-1.401e+01,2.012e+01,2.000e-01,3.000e-01,1.000e-02,1.000e-02,None
SMD,PIN115,-1.471e+01,2.012e+01,2.000e-01,-1.471e+01,2.012e+01,2.000e-01,3.000e-01,1.000e-02,1.000e-02,None
SMD,PIN116,-1.541e+01,2.012e+01,2.000e-01,-1.541e+01,2.012e+01,2.000e-01,3.000e-01,1.000e-02,1.000e-02,None
SMD,PIN117,-1.681e+01,2.012e+01,2.000e-01,-1.681e+01,2.012e+01,2.000e-01,3.000e-01,1.000e-02,1.000e-02,None
SMD,PIN118,-1.751e+01,2.012e+01,2.000e-01,-1.751e+01,2.012e+01,2.000e-01,3.000e-01,1.000e-02,1.000e-02,None
SMD,PIN119,-1.156e+01,1.951e+01,2.000e-01,-1.156e+01,1.951e+01,2.000e-01,3.000e-01,1.000e-02,1.000e-02,None
SMD,PIN120,-1.226e+01,1.951e+01,2.000e-01,-1.226e+01,1.951e+01,2.000e-01,3.000e-01,1.000e-02,1.000e-02,None
SMD,PIN121,-1.296e+01,1.951e+01,2.000e-01,-1.296e+01,1.951e+01,2.000e-01,3.000e-01,1.000e-02,1.000e-02,None
SMD,PIN122,-1.366e+01,1.951e+01,2.000e-01,-1.366e+01,1.951e+01,2.000e-01,3.000e-01,1.000e-02,1.000e-02,None
SMD,PIN123,-1.436e+01,1.951e+01,2.000e-01,-1.436e+01,1.951e+01,2.000e-01,3.000e-01,1.000e-02,1.000e-02,None
SMD,PIN124,-1.081e+01,1.869e+01,2.000e-01,-1.081e+01,1.869e+01,2.000e-01,3.000e-01,1.000e-02,1.000e-02,None
SMD,PIN125,-1.151e+01,1.878e+01,2.000e-01,-1.151e+01,1.878e+01,2.000e-01,3.000e-01,1.000e-02,1.000e-02,None
SMD,PIN126,-1.221e+01,1.878e+01,2.000e-01,-1.221e+01,1.878e+01,2.000e-01,3.000e-01,1.000e-02,1.000e-02,None
SMD,PIN127,-1.291e+01,1.878e+01,2.000e-01,-1.291e+01,1.878e+01,2.000e-01,3.000e-01,1.000e-02,1.000e-02,None
SMD,PIN128,-1.361e+01,1.872e+01,2.000e-01,-1.361e+01,1.872e+01,2.000e-01,3.000e-01,1.000e-02,1.000e-02,None
SMD,PIN129,-1.097e+01,1.801e+01,2.000e-01,-1.097e+01,1.801e+01,2.000e-01,3.000e-01,1.000e-02,1.000e-02,None
SMD,PIN130,-1.167e+01,1.801e+01,2.000e-01,-1.167e+01,1.801e+01,2.000e-01,3.000e-01,1.000e-02,1.000e-02,None
SMD,PIN131,-1.237e+01,1.801e+01,2.000e-01,-1.237e+01,1.801e+01,2.000e-01,3.000e-01,1.000e-02,1.000e-02,None
SMD,PIN132,-1.307e+01,1.801e+01,2.000e-01,-1.307e+01,1.801e+01,2.000e-01,3.000e-01,1.000e-02,1.000e-02,None
SMD,PIN133,-1.431e+01,1.880e+01,2.000e-01,-1.431e+01,1.880e+01,2.000e-01,3.000e-01,1.000e-02,1.000e-02,None
SMD,PIN134,-1.411e+01,1.799e+01,2.000e-01,-1.411e+01,1.799e+01,2.000e-01,3.000e-01,1.000e-02,1.000e-02,None
SMD,PIN135,-1.417e+01,1.714e+01,2.000e-01,-1.417e+01,1.714e+01,2.000e-01,3.000e-01,1.000e-02,1.000e-02,None
SMD,PIN136,-1.455e+01,1.639e+01,2.000e-01,-1.455e+01,1.639e+01,2.000e-01,3.000e-01,1.000e-02,1.000e-02,None
SMD,PIN137,-1.519e+01,1.586e+01,2.000e-01,-1.519e+01,1.586e+01,2.000e-01,3.000e-01,1.000e-02,1.000e-02,None
SMD,PIN138,-1.598e+01,1.566e+01,2.000e-01,-1.598e+01,1.566e+01,2.000e-01,3.000e-01,1.000e-02,1.000e-02,None
SMD,PIN139,-1.681e+01,1.578e+01,2.000e-01,-1.681e+01,1.578e+01,2.000e-01,3.000e-01,1.000e-02,1.000e-02,None
SMD,PIN140,-1.815e+01,1.944e+01,2.000e-01,-1.815e+01,1.944e+01,2.000e-01,3.000e-01,1.000e-02,1.000e-02,None
SMD,PIN141,-1.838e+01,1.864e+01,2.000e-01,-1.838e+01,1.864e+01,2.000e-01,3.000e-01,1.000e-02,1.000e-02,None
SMD,PIN142,-1.850e+01,1.782e+01,2.000e-01,-1.850e+01,1.782e+01,2.000e-01,3.000e-01,1.000e-02,1.000e-02,None
SMD,PIN143,-1.831e+01,1.701e+01,2.000e-01,-1.831e+01,1.701e+01,2.000e-01,3.000e-01,1.000e-02,1.000e-02,None
SMD,PIN144,-1.798e+01,1.624e+01,2.000e-01,-1.798e+01,1.624e+01,2.000e-01,3.000e-01,1.000e-02,1.000e-02,None
SMD,PIN145,-1.662e+01,1.510e+01,2.000e-01,-1.662e+01,1.510e+01,2.000e-01,3.000e-01,1.000e-02,1.000e-02,None
SMD,PIN146,-1.733e+01,1.505e+01,2.000e-01,-1.733e+01,1.505e+01,2.000e-01,3.000e-01,1.000e-02,1.000e-02,None
SMD,PIN147,-1.796e+01,1.540e+01,2.000e-01,-1.796e+01,1.540e+01,2.000e-01,3.000e-01,1.000e-02,1.000e-02,None
SMD,PIN148,-1.796e+01,1.470e+01,2.000e-01,-1.796e+01,1.470e+01,2.000e-01,3.000e-01,1.000e-02,1.000e-02,None
SMD,PIN149,-1.735e+01,1.435e+01,2.000e-01,-1.735e+01,1.435e+01,2.000e-01,3.000e-01,1.000e-02,1.000e-02,None
SMD,PIN150,-1.796e+01,1.400e+01,2.000e-01,-1.796e+01,1.400e+01,2.000e-01,3.000e-01,1.000e-02,1.000e-02,None
SMD,PIN151,-1.735e+01,1.365e+01,2.000e-01,-1.735e+01,1.365e+01,2.000e-01,3.000e-01,1.000e-02,1.000e-02,None
SMD,PIN152,-1.796e+01,1.330e+01,2.000e-01,-1.796e+01,1.330e+01,2.000e-01,3.000e-01,1.000e-02,1.000e-02,None
SMD,PIN153,-1.735e+01,1.295e+01,2.000e-01,-1.735e+01,1.295e+01,2.000e-01,3.000e-01,1.000e-02,1.000e-02,None
SMD,PIN154,-1.796e+01,1.260e+01,2.000e-01,-1.796e+01,1.260e+01,2.000e-01,3.000e-01,1.000e-02,1.000e-02,None
SMD,PIN155,-1.735e+01,1.225e+01,2.000e-01,-1.735e+01,1.225e+01,2.000e-01,3.000e-01,1.000e-02,1.000e-02,None
SMD,PIN156,-1.796e+01,1.190e+01,2.000e-01,-1.796e+01,1.190e+01,2.000e-01,3.000e-01,1.000e-02,1.000e-02,None
SMD,PIN157,-1.735e+01,1.155e+01,2.000e-01,-1.735e+01,1.155e+01,2.000e-01,3.000e-01,1.000e-02,1.000e-02,None
SMD,PIN158,-1.796e+01,1.120e+01,2.000e-01,-1.796e+01,1.120e+01,2.000e-01,3.000e-01,1.000e-02,1.000e-02,None
SMD,PIN159,-1.706e+01,1.084e+01,2.000e-01,-1.706e+01,1.084e+01,2.000e-01,3.000e-01,1.000e-02,1.000e-02,None
SMD,PIN160,-1.772e+01,1.054e+01,2.000e-01,-1.772e+01,1.054e+01,2.000e-01,3.000e-01,1.000e-02,1.000e-02,None
SMD,PIN161,-1.677e+01,1.018e+01,2.000e-01,-1.677e+01,1.018e+01,2.000e-01,3.000e-01,1.000e-02,1.000e-02,None
SMD,PIN162,-1.737e+01,9.791e+00,2.000e-01,-1.737e+01,9.791e+00,2.000e-01,3.000e-01,1.000e-02,1.000e-02,None
SMD,PIN163,-1.676e+01,9.441e+00,2.000e-01,-1.676e+01,9.441e+00,2.000e-01,3.000e-01,1.000e-02,1.000e-02,None
SMD,PIN164,-1.737e+01,9.091e+00,2.000e-01,-1.737e+01,9.091e+00,2.000e-01,3.000e-01,1.000e-02,1.000e-02,None
SMD,PIN165,-1.676e+01,8.741e+00,2.000e-01,-1.676e+01,8.741e+00,2.000e-01,3.000e-01,1.000e-02,1.000e-02,None
SMD,PIN166,-1.737e+01,8.391e+00,2.000e-01,-1.737e+01,8.391e+00,2.000e-01,3.000e-01,1.000e-02,1.000e-02,None
SMD,PIN167,-1.676e+01,8.041e+00,2.000e-01,-1.676e+01,8.041e+00,2.000e-01,3.000e-01,1.000e-02,1.000e-02,None
SMD,PIN168,-1.737e+01,7.691e+00,2.000e-01,-1.737e+01,7.691e+00,2.000e-01,3.000e-01,1.000e-02,1.000e-02,None
SMD,PIN169,-1.676e+01,7.341e+00,2.000e-01,-1.676e+01,7.341e+00,2.000e-01,3.000e-01,1.000e-02,1.000e-02,None
SMD,PIN170,-1.737e+01,6.991e+00,2.000e-01,-1.737e+01,6.991e+00,2.000e-01,3.000e-01,1.000e-02,1.000e-02,None
SMD,PIN171,-1.676e+01,6.641e+00,2.000e-01,-1.676e+01,6.641e+00,2.000e-01,3.000e-01,1.000e-02,1.000e-02,None
SMD,PIN172,-1.737e+01,6.291e+00,2.000e-01,-1.737e+01,6.291e+00,2.000e-01,3.000e-01,1.000e-02,1.000e-02,None
SMD,PIN173,-1.676e+01,5.941e+00,2.000e-01,-1.676e+01,5.941e+00,2.000e-01,3.000e-01,1.000e-02,1.000e-02,None
SMD,PIN174,-1.737e+01,5.591e+00,2.000e-01,-1.737e+01,5.591e+00,2.000e-01,3.000e-01,1.000e-02,1.000e-02,None
SMD,PIN175,-1.676e+01,5.241e+00,2.000e-01,-1.676e+01,5.241e+00,2.000e-01,3.000e-01,1.000e-02,1.000e-02,None
SMD,PIN176,-1.737e+01,4.891e+00,2.000e-01,-1.737e+01,4.891e+00,2.000e-01,3.000e-01,1.000e-02,1.000e-02,None
SMD,PIN177,-1.676e+01,4.541e+00,2.000e-01,-1.676e+01,4.541e+00,2.000e-01,3.000e-01,1.000e-02,1.000e-02,None
SMD,PIN178,-1.737e+01,4.191e+00,2.000e-01,-1.737e+01,4.191e+00,2.000e-01,3.000e-01,1.000e-02,1.000e-02,None
SMD,PIN179,-1.686e+01,3.664e+00,2.000e-01,-1.686e+01,3.664e+00,2.000e-01,3.000e-01,1.000e-02,1.000e-02,None
SMD,PIN180,-1.761e+01,3.359e+00,2.000e-01,-1.761e+01,3.359e+00,2.000e-01,3.000e-01,1.000e-02,1.000e-02,None
SMD,PIN181,-1.703e+01,2.949e+00,2.000e-01,-1.703e+01,2.949e+00,2.000e-01,3.000e-01,1.000e-02,1.000e-02,None
SMD,PIN182,-1.812e+01,2.756e+00,2.000e-01,-1.812e+01,2.756e+00,2.000e-01,3.000e-01,1.000e-02,1.000e-02,None
SMD,PIN183,-1.751e+01,2.406e+00,2.000e-01,-1.751e+01,2.406e+00,2.000e-01,3.000e-01,1.000e-02,1.000e-02,None
SMD,PIN184,-1.873e+01,2.406e+00,2.000e-01,-1.873e+01,2.406e+00,2.000e-01,3.000e-01,1.000e-02,1.000e-02,None
SMD,PIN185,-1.812e+01,2.056e+00,2.000e-01,-1.812e+01,2.056e+00,2.000e-01,3.000e-01,1.000e-02,1.000e-02,None
SMD,PIN186,-1.751e+01,1.706e+00,2.000e-01,-1.751e+01,1.706e+00,2.000e-01,3.000e-01,1.000e-02,1.000e-02,None
SMD,PIN187,-1.873e+01,1.706e+00,2.000e-01,-1.873e+01,1.706e+00,2.000e-01,3.000e-01,1.000e-02,1.000e-02,None
SMD,PIN188,-1.812e+01,1.356e+00,2.000e-01,-1.812e+01,1.356e+00,2.000e-01,3.000e-01,1.000e-02,1.000e-02,None
SMD,PIN189,-1.751e+01,1.006e+00,2.000e-01,-1.751e+01,1.006e+00,2.000e-01,3.000e-01,1.000e-02,1.000e-02,None
SMD,PIN190,-1.873e+01,1.006e+00,2.000e-01,-1.873e+01,1.006e+00,2.000e-01,3.000e-01,1.000e-02,1.000e-02,None
SMD,PIN191,-1.812e+01,6.558e-01,2.000e-01,-1.812e+01,6.558e-01,2.000e-01,3.000e-01,1.000e-02,1.000e-02,None
SMD,PIN192,-1.751e+01,3.058e-01,2.000e-01,-1.751e+01,3.058e-01,2.000e-01,3.000e-01,1.000e-02,1.000e-02,None
SMD,PIN193,-1.873e+01,3.058e-01,2.000e-01,-1.873e+01,3.058e-01,2.000e-01,3.000e-01,1.000e-02,1.000e-02,None
SMD,PIN194,-1.812e+01,-4.421e-02,2.000e-01,-1.812e+01,-4.421e-02,2.000e-01,3.000e-01,1.000e-02,1.000e-02,None
SMD,PIN195,-1.751e+01,-3.942e-01,2.000e-01,-1.751e+01,-3.942e-01,2.000e-01,3.000e-01,1.000e-02,1.000e-02,None
SMD,PIN196,-1.873e+01,-3.942e-01,2.000e-01,-1.873e+01,-3.942e-01,2.000e-01,3.000e-01,1.000e-02,1.000e-02,None
SMD,PIN197,-1.812e+01,-7.442e-01,2.000e-01,-1.812e+01,-7.442e-01,2.000e-01,3.000e-01,1.000e-02,1.000e-02,None
SMD,PIN198,-1.751e+01,-1.094e+00,2.000e-01,-1.751e+01,-1.094e+00,2.000e-01,3.000e-01,1.000e-02,1.000e-02,None
SMD,PIN199,-1.873e+01,-1.094e+00,2.000e-01,-1.873e+01,-1.094e+00,2.000e-01,3.000e-01,1.000e-02,1.000e-02,None
SMD,PIN200,-1.812e+01,-1.444e+00,2.000e-01,-1.812e+01,-1.444e+00,2.000e-01,3.000e-01,1.000e-02,1.000e-02,None
SMD,PIN201,-1.751e+01,-1.794e+00,2.000e-01,-1.751e+01,-1.794e+00,2.000e-01,3.000e-01,1.000e-02,1.000e-02,None
SMD,PIN202,-1.873e+01,-1.794e+00,2.000e-01,-1.873e+01,-1.794e+00,2.000e-01,3.000e-01,1.000e-02,1.000e-02,None
SMD,PIN203,-1.812e+01,-2.144e+00,2.000e-01,-1.812e+01,-2.144e+00,2.000e-01,3.000e-01,1.000e-02,1.000e-02,None
SMD,PIN204,-1.751e+01,-2.494e+00,2.000e-01,-1.751e+01,-2.494e+00,2.000e-01,3.000e-01,1.000e-02,1.000e-02,None
SMD,PIN205,-1.873e+01,-2.494e+00,2.000e-01,-1.873e+01,-2.494e+00,2.000e-01,3.000e-01,1.000e-02,1.000e-02,None
SMD,PIN206,-1.812e+01,-2.844e+00,2.000e-01,-1.812e+01,-2.844e+00,2.000e-01,3.000e-01,1.000e-02,1.000e-02,None
SMD,PIN207,-1.751e+01,-3.194e+00,2.000e-01,-1.751e+01,-3.194e+00,2.000e-01,3.000e-01,1.000e-02,1.000e-02,None
SMD,PIN208,-1.873e+01,-3.194e+00,2.000e-01,-1.873e+01,-3.194e+00,2.000e-01,3.000e-01,1.000e-02,1.000e-02,None
SMD,PIN209,-1.812e+01,-3.544e+00,2.000e-01,-1.812e+01,-3.544e+00,2.000e-01,3.000e-01,1.000e-02,1.000e-02,None
SMD,PIN210,-1.751e+01,-3.894e+00,2.000e-01,-1.751e+01,-3.894e+00,2.000e-01,3.000e-01,1.000e-02,1.000e-02,None
SMD,PIN211,-1.873e+01,-3.894e+00,2.000e-01,-1.873e+01,-3.894e+00,2.000e-01,3.000e-01,1.000e-02,1.000e-02,None
SMD,PIN212,-1.812e+01,-4.244e+00,2.000e-01,-1.812e+01,-4.244e+00,2.000e-01,3.000e-01,1.000e-02,1.000e-02,None
SMD,PIN213,-1.751e+01,-4.594e+00,2.000e-01,-1.751e+01,-4.594e+00,2.000e-01,3.000e-01,1.000e-02,1.000e-02,None
SMD,PIN214,-1.873e+01,-4.594e+00,2.000e-01,-1.873e+01,-4.594e+00,2.000e-01,3.000e-01,1.000e-02,1.000e-02,None
SMD,PIN215,-1.812e+01,-4.944e+00,2.000e-01,-1.812e+01,-4.944e+00,2.000e-01,3.000e-01,1.000e-02,1.000e-02,None
SMD,PIN216,-1.751e+01,-5.294e+00,2.000e-01,-1.751e+01,-5.294e+00,2.000e-01,3.000e-01,1.000e-02,1.000e-02,None
SMD,PIN217,-1.873e+01,-5.294e+00,2.000e-01,-1.873e+01,-5.294e+00,2.000e-01,3.000e-01,1.000e-02,1.000e-02,None
SMD,PIN218,-1.812e+01,-5.644e+00,2.000e-01,-1.812e+01,-5.644e+00,2.000e-01,3.000e-01,1.000e-02,1.000e-02,None
SMD,PIN219,-1.751e+01,-5.994e+00,2.000e-01,-1.751e+01,-5.994e+00,2.000e-01,3.000e-01,1.000e-02,1.000e-02,None
SMD,PIN220,-1.873e+01,-5.994e+00,2.000e-01,-1.873e+01,-5.994e+00,2.000e-01,3.000e-01,1.000e-02,1.000e-02,None
SMD,PIN221,-1.812e+01,-6.344e+00,2.000e-01,-1.812e+01,-6.344e+00,2.000e-01,3.000e-01,1.000e-02,1.000e-02,None
SMD,PIN222,-1.751e+01,-6.694e+00,2.000e-01,-1.751e+01,-6.694e+00,2.000e-01,3.000e-01,1.000e-02,1.000e-02,None
SMD,PIN223,-1.873e+01,-6.694e+00,2.000e-01,-1.873e+01,-6.694e+00,2.000e-01,3.000e-01,1.000e-02,1.000e-02,None
SMD,PIN224,-1.812e+01,-7.044e+00,2.000e-01,-1.812e+01,-7.044e+00,2.000e-01,3.000e-01,1.000e-02,1.000e-02,None
SMD,PIN225,-1.751e+01,-7.394e+00,2.000e-01,-1.751e+01,-7.394e+00,2.000e-01,3.000e-01,1.000e-02,1.000e-02,None
SMD,PIN226,-1.873e+01,-7.394e+00,2.000e-01,-1.873e+01,-7.394e+00,2.000e-01,3.000e-01,1.000e-02,1.000e-02,None
SMD,PIN227,-1.812e+01,-7.744e+00,2.000e-01,-1.812e+01,-7.744e+00,2.000e-01,3.000e-01,1.000e-02,1.000e-02,None
SMD,PIN228,-1.751e+01,-8.094e+00,2.000e-01,-1.751e+01,-8.094e+00,2.000e-01,3.000e-01,1.000e-02,1.000e-02,None
SMD,PIN229,-1.873e+01,-8.094e+00,2.000e-01,-1.873e+01,-8.094e+00,2.000e-01,3.000e-01,1.000e-02,1.000e-02,None
SMD,PIN230,-1.812e+01,-8.444e+00,2.000e-01,-1.812e+01,-8.444e+00,2.000e-01,3.000e-01,1.000e-02,1.000e-02,None
SMD,PIN231,-1.751e+01,-8.794e+00,2.000e-01,-1.751e+01,-8.794e+00,2.000e-01,3.000e-01,1.000e-02,1.000e-02,None
SMD,PIN232,-1.873e+01,-8.794e+00,2.000e-01,-1.873e+01,-8.794e+00,2.000e-01,3.000e-01,1.000e-02,1.000e-02,None
SMD,PIN233,-1.812e+01,-9.144e+00,2.000e-01,-1.812e+01,-9.144e+00,2.000e-01,3.000e-01,1.000e-02,1.000e-02,None
SMD,PIN234,-1.751e+01,-9.494e+00,2.000e-01,-1.751e+01,-9.494e+00,2.000e-01,3.000e-01,1.000e-02,1.000e-02,None
SMD,PIN235,-1.873e+01,-9.494e+00,2.000e-01,-1.873e+01,-9.494e+00,2.000e-01,3.000e-01,1.000e-02,1.000e-02,None
SMD,PIN236,-1.812e+01,-9.844e+00,2.000e-01,-1.812e+01,-9.844e+00,2.000e-01,3.000e-01,1.000e-02,1.000e-02,None
SMD,PIN237,-1.751e+01,-1.019e+01,2.000e-01,-1.751e+01,-1.019e+01,2.000e-01,3.000e-01,1.000e-02,1.000e-02,None
SMD,PIN238,-1.873e+01,-1.019e+01,2.000e-01,-1.873e+01,-1.019e+01,2.000e-01,3.000e-01,1.000e-02,1.000e-02,None
SMD,PIN239,-1.812e+01,-1.054e+01,2.000e-01,-1.812e+01,-1.054e+01,2.000e-01,3.000e-01,1.000e-02,1.000e-02,None
SMD,PIN240,-1.751e+01,-1.089e+01,2.000e-01,-1.751e+01,-1.089e+01,2.000e-01,3.000e-01,1.000e-02,1.000e-02,None
SMD,PIN241,-1.873e+01,-1.089e+01,2.000e-01,-1.873e+01,-1.089e+01,2.000e-01,3.000e-01,1.000e-02,1.000e-02,None
SMD,PIN242,-1.812e+01,-1.124e+01,2.000e-01,-1.812e+01,-1.124e+01,2.000e-01,3.000e-01,1.000e-02,1.000e-02,None
SMD,PIN243,-1.751e+01,-1.159e+01,2.000e-01,-1.751e+01,-1.159e+01,2.000e-01,3.000e-01,1.000e-02,1.000e-02,None
SMD,PIN244,-1.873e+01,-1.159e+01,2.000e-01,-1.873e+01,-1.159e+01,2.000e-01,3.000e-01,1.000e-02,1.000e-02,None
SMD,PIN245,-1.812e+01,-1.194e+01,2.000e-01,-1.812e+01,-1.194e+01,2.000e-01,3.000e-01,1.000e-02,1.000e-02,None
SMD,PIN246,-1.751e+01,-1.229e+01,2.000e-01,-1.751e+01,-1.229e+01,2.000e-01,3.000e-01,1.000e-02,1.000e-02,None
SMD,PIN247,-1.873e+01,-1.229e+01,2.000e-01,-1.873e+01,-1.229e+01,2.000e-01,3.000e-01,1.000e-02,1.000e-02,None
SMD,PIN248,-1.812e+01,-1.264e+01,2.000e-01,-1.812e+01,-1.264e+01,2.000e-01,3.000e-01,1.000e-02,1.000e-02,None
SMD,PIN249,-1.751e+01,-1.299e+01,2.000e-01,-1.751e+01,-1.299e+01,2.000e-01,3.000e-01,1.000e-02,1.000e-02,None
SMD,PIN250,-1.873e+01,-1.300e+01,2.000e-01,-1.873e+01,-1.300e+01,2.000e-01,3.000e-01,1.000e-02,1.000e-02,None
SMD,PIN251,-1.767e+01,-1.375e+01,2.000e-01,-1.767e+01,-1.375e+01,2.000e-01,3.000e-01,1.000e-02,1.000e-02,None
SMD,PIN252,-1.889e+01,-1.375e+01,2.000e-01,-1.889e+01,-1.375e+01,2.000e-01,3.000e-01,1.000e-02,1.000e-02,None
SMD,PIN253,-1.828e+01,-1.410e+01,2.000e-01,-1.828e+01,-1.410e+01,2.000e-01,3.000e-01,1.000e-02,1.000e-02,None
SMD,PIN254,-1.751e+01,-1.453e+01,2.000e-01,-1.751e+01,-1.453e+01,2.000e-01,3.000e-01,1.000e-02,1.000e-02,None
SMD,PIN255,-1.889e+01,-1.445e+01,2.000e-01,-1.889e+01,-1.445e+01,2.000e-01,3.000e-01,1.000e-02,1.000e-02,None
SMD,PIN256,-1.828e+01,-1.480e+01,2.000e-01,-1.828e+01,-1.480e+01,2.000e-01,3.000e-01,1.000e-02,1.000e-02,None
SMD,PIN257,-1.751e+01,-1.523e+01,2.000e-01,-1.751e+01,-1.523e+01,2.000e-01,3.000e-01,1.000e-02,1.000e-02,None
SMD,PIN258,-1.889e+01,-1.515e+01,2.000e-01,-1.889e+01,-1.515e+01,2.000e-01,3.000e-01,1.000e-02,1.000e-02,None
SMD,PIN259,-1.828e+01,-1.550e+01,2.000e-01,-1.828e+01,-1.550e+01,2.000e-01,3.000e-01,1.000e-02,1.000e-02,None
SMD,PIN260,-1.751e+01,-1.593e+01,2.000e-01,-1.751e+01,-1.593e+01,2.000e-01,3.000e-01,1.000e-02,1.000e-02,None
SMD,PIN261,-1.889e+01,-1.585e+01,2.000e-01,-1.889e+01,-1.585e+01,2.000e-01,3.000e-01,1.000e-02,1.000e-02,None
SMD,PIN262,-1.828e+01,-1.620e+01,2.000e-01,-1.828e+01,-1.620e+01,2.000e-01,3.000e-01,1.000e-02,1.000e-02,None
SMD,PIN263,-1.751e+01,-1.663e+01,2.000e-01,-1.751e+01,-1.663e+01,2.000e-01,3.000e-01,1.000e-02,1.000e-02,None
SMD,PIN264,-1.889e+01,-1.655e+01,2.000e-01,-1.889e+01,-1.655e+01,2.000e-01,3.000e-01,1.000e-02,1.000e-02,None
SMD,PIN265,-1.828e+01,-1.690e+01,2.000e-01,-1.828e+01,-1.690e+01,2.000e-01,3.000e-01,1.000e-02,1.000e-02,None
SMD,PIN266,-1.732e+01,-1.737e+01,2.000e-01,-1.732e+01,-1.737e+01,2.000e-01,3.000e-01,1.000e-02,1.000e-02,None
SMD,PIN267,-1.889e+01,-1.725e+01,2.000e-01,-1.889e+01,-1.725e+01,2.000e-01,3.000e-01,1.000e-02,1.000e-02,None
SMD,PIN268,-1.800e+01,-1.755e+01,2.000e-01,-1.800e+01,-1.755e+01,2.000e-01,3.000e-01,1.000e-02,1.000e-02,None
SMD,PIN269,-1.744e+01,-1.806e+01,2.000e-01,-1.744e+01,-1.806e+01,2.000e-01,3.000e-01,1.000e-02,1.000e-02,None
SMD,PIN270,-1.862e+01,-1.791e+01,2.000e-01,-1.862e+01,-1.791e+01,2.000e-01,3.000e-01,1.000e-02,1.000e-02,None
SMD,PIN271,-1.662e+01,-1.727e+01,2.000e-01,-1.662e+01,-1.727e+01,2.000e-01,3.000e-01,1.000e-02,1.000e-02,None
SMD,PIN272,-1.654e+01,-1.797e+01,2.000e-01,-1.654e+01,-1.797e+01,2.000e-01,3.000e-01,1.000e-02,1.000e-02,None
SMD,PIN273,-1.594e+01,-1.745e+01,2.000e-01,-1.594e+01,-1.745e+01,2.000e-01,3.000e-01,1.000e-02,1.000e-02,None
SMD,PIN274,-1.574e+01,-1.821e+01,2.000e-01,-1.574e+01,-1.821e+01,2.000e-01,3.000e-01,1.000e-02,1.000e-02,None
SMD,PIN275,-1.528e+01,-1.767e+01,2.000e-01,-1.528e+01,-1.767e+01,2.000e-01,3.000e-01,1.000e-02,1.000e-02,None
SMD,PIN276,-1.473e+01,-1.812e+01,2.000e-01,-1.473e+01,-1.812e+01,2.000e-01,3.000e-01,1.000e-02,1.000e-02,None
SMD,PIN277,-1.509e+01,-1.873e+01,2.000e-01,-1.509e+01,-1.873e+01,2.000e-01,3.000e-01,1.000e-02,1.000e-02,None
SMD,PIN278,-1.433e+01,-1.870e+01,2.000e-01,-1.433e+01,-1.870e+01,2.000e-01,3.000e-01,1.000e-02,1.000e-02,None
SMD,PIN279,-1.469e+01,-1.945e+01,2.000e-01,-1.469e+01,-1.945e+01,2.000e-01,3.000e-01,1.000e-02,1.000e-02,None
SMD,PIN280,-1.400e+01,-1.932e+01,2.000e-01,-1.400e+01,-1.932e+01,2.000e-01,3.000e-01,1.000e-02,1.000e-02,None
SMD,PIN281,-1.459e+01,-2.028e+01,2.000e-01,-1.459e+01,-2.028e+01,2.000e-01,3.000e-01,1.000e-02,1.000e-02,None
SMD,PIN282,-1.394e+01,-2.002e+01,2.000e-01,-1.394e+01,-2.002e+01,2.000e-01,3.000e-01,1.000e-02,1.000e-02,None
SMD,PIN283,-1.472e+01,-2.111e+01,2.000e-01,-1.472e+01,-2.111e+01,2.000e-01,3.000e-01,1.000e-02,1.000e-02,None
SMD,PIN284,-1.422e+01,-2.179e+01,2.000e-01,-1.422e+01,-2.179e+01,2.000e-01,3.000e-01,1.000e-02,1.000e-02,None
SMD,PIN285,-1.387e+01,-2.118e+01,2.000e-01,-1.387e+01,-2.118e+01,2.000e-01,3.000e-01,1.000e-02,1.000e-02,None
SMD,PIN286,-1.352e+01,-2.058e+01,2.000e-01,-1.352e+01,-2.058e+01,2.000e-01,3.000e-01,1.000e-02,1.000e-02,None
SMD,PIN287,-1.352e+01,-2.179e+01,2.000e-01,-1.352e+01,-2.179e+01,2.000e-01,3.000e-01,1.000e-02,1.000e-02,None
SMD,PIN288,-1.317e+01,-2.118e+01,2.000e-01,-1.317e+01,-2.118e+01,2.000e-01,3.000e-01,1.000e-02,1.000e-02,None
SMD,PIN289,-1.282e+01,-2.058e+01,2.000e-01,-1.282e+01,-2.058e+01,2.000e-01,3.000e-01,1.000e-02,1.000e-02,None
SMD,PIN290,-1.282e+01,-2.179e+01,2.000e-01,-1.282e+01,-2.179e+01,2.000e-01,3.000e-01,1.000e-02,1.000e-02,None
SMD,PIN291,-1.247e+01,-2.118e+01,2.000e-01,-1.247e+01,-2.118e+01,2.000e-01,3.000e-01,1.000e-02,1.000e-02,None
SMD,PIN292,-1.212e+01,-2.058e+01,2.000e-01,-1.212e+01,-2.058e+01,2.000e-01,3.000e-01,1.000e-02,1.000e-02,None
SMD,PIN293,-1.212e+01,-2.179e+01,2.000e-01,-1.212e+01,-2.179e+01,2.000e-01,3.000e-01,1.000e-02,1.000e-02,None
SMD,PIN294,-1.177e+01,-2.118e+01,2.000e-01,-1.177e+01,-2.118e+01,2.000e-01,3.000e-01,1.000e-02,1.000e-02,None
SMD,PIN295,-1.142e+01,-2.058e+01,2.000e-01,-1.142e+01,-2.058e+01,2.000e-01,3.000e-01,1.000e-02,1.000e-02,None
SMD,PIN296,-1.142e+01,-2.179e+01,2.000e-01,-1.142e+01,-2.179e+01,2.000e-01,3.000e-01,1.000e-02,1.000e-02,None
SMD,PIN297,-1.107e+01,-2.118e+01,2.000e-01,-1.107e+01,-2.118e+01,2.000e-01,3.000e-01,1.000e-02,1.000e-02,None
SMD,PIN298,-1.072e+01,-2.058e+01,2.000e-01,-1.072e+01,-2.058e+01,2.000e-01,3.000e-01,1.000e-02,1.000e-02,None
SMD,PIN299,-1.072e+01,-2.179e+01,2.000e-01,-1.072e+01,-2.179e+01,2.000e-01,3.000e-01,1.000e-02,1.000e-02,None
SMD,PIN300,-1.037e+01,-2.118e+01,2.000e-01,-1.037e+01,-2.118e+01,2.000e-01,3.000e-01,1.000e-02,1.000e-02,None
SMD,PIN301,-1.002e+01,-2.058e+01,2.000e-01,-1.002e+01,-2.058e+01,2.000e-01,3.000e-01,1.000e-02,1.000e-02,None
SMD,PIN302,-1.002e+01,-2.179e+01,2.000e-01,-1.002e+01,-2.179e+01,2.000e-01,3.000e-01,1.000e-02,1.000e-02,None
SMD,PIN303,-9.667e+00,-2.118e+01,2.000e-01,-9.667e+00,-2.118e+01,2.000e-01,3.000e-01,1.000e-02,1.000e-02,None
SMD,PIN304,-9.317e+00,-2.058e+01,2.000e-01,-9.317e+00,-2.058e+01,2.000e-01,3.000e-01,1.000e-02,1.000e-02,None
SMD,PIN305,-9.317e+00,-2.179e+01,2.000e-01,-9.317e+00,-2.179e+01,2.000e-01,3.000e-01,1.000e-02,1.000e-02,None
SMD,PIN306,-8.967e+00,-2.118e+01,2.000e-01,-8.967e+00,-2.118e+01,2.000e-01,3.000e-01,1.000e-02,1.000e-02,None
SMD,PIN307,-8.617e+00,-2.058e+01,2.000e-01,-8.617e+00,-2.058e+01,2.000e-01,3.000e-01,1.000e-02,1.000e-02,None
SMD,PIN308,-8.617e+00,-2.179e+01,2.000e-01,-8.617e+00,-2.179e+01,2.000e-01,3.000e-01,1.000e-02,1.000e-02,None
SMD,PIN309,-8.267e+00,-2.118e+01,2.000e-01,-8.267e+00,-2.118e+01,2.000e-01,3.000e-01,1.000e-02,1.000e-02,None
SMD,PIN310,-7.917e+00,-2.058e+01,2.000e-01,-7.917e+00,-2.058e+01,2.000e-01,3.000e-01,1.000e-02,1.000e-02,None
SMD,PIN311,-7.917e+00,-2.179e+01,2.000e-01,-7.917e+00,-2.179e+01,2.000e-01,3.000e-01,1.000e-02,1.000e-02,None
SMD,PIN312,-7.567e+00,-2.118e+01,2.000e-01,-7.567e+00,-2.118e+01,2.000e-01,3.000e-01,1.000e-02,1.000e-02,None
SMD,PIN313,-7.217e+00,-2.058e+01,2.000e-01,-7.217e+00,-2.058e+01,2.000e-01,3.000e-01,1.000e-02,1.000e-02,None
SMD,PIN314,-7.217e+00,-2.179e+01,2.000e-01,-7.217e+00,-2.179e+01,2.000e-01,3.000e-01,1.000e-02,1.000e-02,None
SMD,PIN315,-6.867e+00,-2.118e+01,2.000e-01,-6.867e+00,-2.118e+01,2.000e-01,3.000e-01,1.000e-02,1.000e-02,None
SMD,PIN316,-6.517e+00,-2.058e+01,2.000e-01,-6.517e+00,-2.058e+01,2.000e-01,3.000e-01,1.000e-02,1.000e-02,None
SMD,PIN317,-6.517e+00,-2.179e+01,2.000e-01,-6.517e+00,-2.179e+01,2.000e-01,3.000e-01,1.000e-02,1.000e-02,None
SMD,PIN318,-6.167e+00,-2.118e+01,2.000e-01,-6.167e+00,-2.118e+01,2.000e-01,3.000e-01,1.000e-02,1.000e-02,None
SMD,PIN319,-5.817e+00,-2.058e+01,2.000e-01,-5.817e+00,-2.058e+01,2.000e-01,3.000e-01,1.000e-02,1.000e-02,None
SMD,PIN320,-5.817e+00,-2.179e+01,2.000e-01,-5.817e+00,-2.179e+01,2.000e-01,3.000e-01,1.000e-02,1.000e-02,None
SMD,PIN321,-5.467e+00,-2.118e+01,2.000e-01,-5.467e+00,-2.118e+01,2.000e-01,3.000e-01,1.000e-02,1.000e-02,None
SMD,PIN322,-5.117e+00,-2.058e+01,2.000e-01,-5.117e+00,-2.058e+01,2.000e-01,3.000e-01,1.000e-02,1.000e-02,None
SMD,PIN323,-5.117e+00,-2.179e+01,2.000e-01,-5.117e+00,-2.179e+01,2.000e-01,3.000e-01,1.000e-02,1.000e-02,None
SMD,PIN324,-4.767e+00,-2.118e+01,2.000e-01,-4.767e+00,-2.118e+01,2.000e-01,3.000e-01,1.000e-02,1.000e-02,None
SMD,PIN325,-4.417e+00,-2.058e+01,2.000e-01,-4.417e+00,-2.058e+01,2.000e-01,3.000e-01,1.000e-02,1.000e-02,None
SMD,PIN326,-4.417e+00,-2.179e+01,2.000e-01,-4.417e+00,-2.179e+01,2.000e-01,3.000e-01,1.000e-02,1.000e-02,None
SMD,PIN327,-4.067e+00,-2.118e+01,2.000e-01,-4.067e+00,-2.118e+01,2.000e-01,3.000e-01,1.000e-02,1.000e-02,None
SMD,PIN328,-3.717e+00,-2.058e+01,2.000e-01,-3.717e+00,-2.058e+01,2.000e-01,3.000e-01,1.000e-02,1.000e-02,None
SMD,PIN329,-3.717e+00,-2.179e+01,2.000e-01,-3.717e+00,-2.179e+01,2.000e-01,3.000e-01,1.000e-02,1.000e-02,None
SMD,PIN330,-3.367e+00,-2.118e+01,2.000e-01,-3.367e+00,-2.118e+01,2.000e-01,3.000e-01,1.000e-02,1.000e-02,None
SMD,PIN331,-3.017e+00,-2.058e+01,2.000e-01,-3.017e+00,-2.058e+01,2.000e-01,3.000e-01,1.000e-02,1.000e-02,None
SMD,PIN332,-3.017e+00,-2.179e+01,2.000e-01,-3.017e+00,-2.179e+01,2.000e-01,3.000e-01,1.000e-02,1.000e-02,None
SMD,PIN333,-2.667e+00,-2.118e+01,2.000e-01,-2.667e+00,-2.118e+01,2.000e-01,3.000e-01,1.000e-02,1.000e-02,None
SMD,PIN334,-2.317e+00,-2.058e+01,2.000e-01,-2.317e+00,-2.058e+01,2.000e-01,3.000e-01,1.000e-02,1.000e-02,None
SMD,PIN335,-2.317e+00,-2.179e+01,2.000e-01,-2.317e+00,-2.179e+01,2.000e-01,3.000e-01,1.000e-02,1.000e-02,None
SMD,PIN336,-1.967e+00,-2.118e+01,2.000e-01,-1.967e+00,-2.118e+01,2.000e-01,3.000e-01,1.000e-02,1.000e-02,None
SMD,PIN337,-1.617e+00,-2.058e+01,2.000e-01,-1.617e+00,-2.058e+01,2.000e-01,3.000e-01,1.000e-02,1.000e-02,None
SMD,PIN338,-1.617e+00,-2.179e+01,2.000e-01,-1.617e+00,-2.179e+01,2.000e-01,3.000e-01,1.000e-02,1.000e-02,None
SMD,PIN339,-1.267e+00,-2.118e+01,2.000e-01,-1.267e+00,-2.118e+01,2.000e-01,3.000e-01,1.000e-02,1.000e-02,None
SMD,PIN340,-9.172e-01,-2.058e+01,2.000e-01,-9.172e-01,-2.058e+01,2.000e-01,3.000e-01,1.000e-02,1.000e-02,None
SMD,PIN341,-9.172e-01,-2.179e+01,2.000e-01,-9.172e-01,-2.179e+01,2.000e-01,3.000e-01,1.000e-02,1.000e-02,None
SMD,PIN342,-5.671e-01,-2.118e+01,2.000e-01,-5.671e-01,-2.118e+01,2.000e-01,3.000e-01,1.000e-02,1.000e-02,None
SMD,PIN343,-2.171e-01,-2.058e+01,2.000e-01,-2.171e-01,-2.058e+01,2.000e-01,3.000e-01,1.000e-02,1.000e-02,None
SMD,PIN344,-2.171e-01,-2.179e+01,2.000e-01,-2.171e-01,-2.179e+01,2.000e-01,3.000e-01,1.000e-02,1.000e-02,None
SMD,PIN345,1.328e-01,-2.118e+01,2.000e-01,1.328e-01,-2.118e+01,2.000e-01,3.000e-01,1.000e-02,1.000e-02,None
SMD,PIN346,4.828e-01,-2.058e+01,2.000e-01,4.828e-01,-2.058e+01,2.000e-01,3.000e-01,1.000e-02,1.000e-02,None
SMD,PIN347,4.828e-01,-2.179e+01,2.000e-01,4.828e-01,-2.179e+01,2.000e-01,3.000e-01,1.000e-02,1.000e-02,None
SMD,PIN348,8.329e-01,-2.118e+01,2.000e-01,8.329e-01,-2.118e+01,2.000e-01,3.000e-01,1.000e-02,1.000e-02,None
SMD,PIN349,1.183e+00,-2.058e+01,2.000e-01,1.183e+00,-2.058e+01,2.000e-01,3.000e-01,1.000e-02,1.000e-02,None
SMD,PIN350,1.183e+00,-2.179e+01,2.000e-01,1.183e+00,-2.179e+01,2.000e-01,3.000e-01,1.000e-02,1.000e-02,None
SMD,PIN351,1.533e+00,-2.118e+01,2.000e-01,1.533e+00,-2.118e+01,2.000e-01,3.000e-01,1.000e-02,1.000e-02,None
SMD,PIN352,1.883e+00,-2.058e+01,2.000e-01,1.883e+00,-2.058e+01,2.000e-01,3.000e-01,1.000e-02,1.000e-02,None
SMD,PIN353,1.883e+00,-2.179e+01,2.000e-01,1.883e+00,-2.179e+01,2.000e-01,3.000e-01,1.000e-02,1.000e-02,None
SMD,PIN354,2.233e+00,-2.118e+01,2.000e-01,2.233e+00,-2.118e+01,2.000e-01,3.000e-01,1.000e-02,1.000e-02,None
SMD,PIN355,2.583e+00,-2.058e+01,2.000e-01,2.583e+00,-2.058e+01,2.000e-01,3.000e-01,1.000e-02,1.000e-02,None
SMD,PIN356,2.583e+00,-2.179e+01,2.000e-01,2.583e+00,-2.179e+01,2.000e-01,3.000e-01,1.000e-02,1.000e-02,None
SMD,PIN357,2.933e+00,-2.118e+01,2.000e-01,2.933e+00,-2.118e+01,2.000e-01,3.000e-01,1.000e-02,1.000e-02,None
SMD,PIN358,3.283e+00,-2.058e+01,2.000e-01,3.283e+00,-2.058e+01,2.000e-01,3.000e-01,1.000e-02,1.000e-02,None
SMD,PIN359,3.283e+00,-2.179e+01,2.000e-01,3.283e+00,-2.179e+01,2.000e-01,3.000e-01,1.000e-02,1.000e-02,None
SMD,PIN360,3.633e+00,-2.118e+01,2.000e-01,3.633e+00,-2.118e+01,2.000e-01,3.000e-01,1.000e-02,1.000e-02,None
SMD,PIN361,3.983e+00,-2.058e+01,2.000e-01,3.983e+00,-2.058e+01,2.000e-01,3.000e-01,1.000e-02,1.000e-02,None
SMD,PIN362,3.983e+00,-2.179e+01,2.000e-01,3.983e+00,-2.179e+01,2.000e-01,3.000e-01,1.000e-02,1.000e-02,None
SMD,PIN363,4.333e+00,-2.118e+01,2.000e-01,4.333e+00,-2.118e+01,2.000e-01,3.000e-01,1.000e-02,1.000e-02,None
SMD,PIN364,4.683e+00,-2.058e+01,2.000e-01,4.683e+00,-2.058e+01,2.000e-01,3.000e-01,1.000e-02,1.000e-02,None
SMD,PIN365,4.683e+00,-2.179e+01,2.000e-01,4.683e+00,-2.179e+01,2.000e-01,3.000e-01,1.000e-02,1.000e-02,None
SMD,PIN366,5.033e+00,-2.118e+01,2.000e-01,5.033e+00,-2.118e+01,2.000e-01,3.000e-01,1.000e-02,1.000e-02,None
SMD,PIN367,5.383e+00,-2.058e+01,2.000e-01,5.383e+00,-2.058e+01,2.000e-01,3.000e-01,1.000e-02,1.000e-02,None
SMD,PIN368,5.383e+00,-2.179e+01,2.000e-01,5.383e+00,-2.179e+01,2.000e-01,3.000e-01,1.000e-02,1.000e-02,None
SMD,PIN369,5.733e+00,-2.118e+01,2.000e-01,5.733e+00,-2.118e+01,2.000e-01,3.000e-01,1.000e-02,1.000e-02,None
SMD,PIN370,6.083e+00,-2.058e+01,2.000e-01,6.083e+00,-2.058e+01,2.000e-01,3.000e-01,1.000e-02,1.000e-02,None
SMD,PIN371,6.083e+00,-2.179e+01,2.000e-01,6.083e+00,-2.179e+01,2.000e-01,3.000e-01,1.000e-02,1.000e-02,None
SMD,PIN372,6.433e+00,-2.118e+01,2.000e-01,6.433e+00,-2.118e+01,2.000e-01,3.000e-01,1.000e-02,1.000e-02,None
SMD,PIN373,6.783e+00,-2.058e+01,2.000e-01,6.783e+00,-2.058e+01,2.000e-01,3.000e-01,1.000e-02,1.000e-02,None
SMD,PIN374,6.783e+00,-2.179e+01,2.000e-01,6.783e+00,-2.179e+01,2.000e-01,3.000e-01,1.000e-02,1.000e-02,None
SMD,PIN375,7.133e+00,-2.118e+01,2.000e-01,7.133e+00,-2.118e+01,2.000e-01,3.000e-01,1.000e-02,1.000e-02,None
SMD,PIN376,7.483e+00,-2.058e+01,2.000e-01,7.483e+00,-2.058e+01,2.000e-01,3.000e-01,1.000e-02,1.000e-02,None
SMD,PIN377,7.483e+00,-2.179e+01,2.000e-01,7.483e+00,-2.179e+01,2.000e-01,3.000e-01,1.000e-02,1.000e-02,None
SMD,PIN378,7.833e+00,-2.118e+01,2.000e-01,7.833e+00,-2.118e+01,2.000e-01,3.000e-01,1.000e-02,1.000e-02,None
SMD,PIN379,8.183e+00,-2.058e+01,2.000e-01,8.183e+00,-2.058e+01,2.000e-01,3.000e-01,1.000e-02,1.000e-02,None
SMD,PIN380,8.183e+00,-2.179e+01,2.000e-01,8.183e+00,-2.179e+01,2.000e-01,3.000e-01,1.000e-02,1.000e-02,None
SMD,PIN381,8.533e+00,-2.118e+01,2.000e-01,8.533e+00,-2.118e+01,2.000e-01,3.000e-01,1.000e-02,1.000e-02,None
SMD,PIN382,8.883e+00,-2.058e+01,2.000e-01,8.883e+00,-2.058e+01,2.000e-01,3.000e-01,1.000e-02,1.000e-02,None
SMD,PIN383,8.883e+00,-2.179e+01,2.000e-01,8.883e+00,-2.179e+01,2.000e-01,3.000e-01,1.000e-02,1.000e-02,None
SMD,PIN384,9.233e+00,-2.118e+01,2.000e-01,9.233e+00,-2.118e+01,2.000e-01,3.000e-01,1.000e-02,1.000e-02,None
SMD,PIN385,9.583e+00,-2.058e+01,2.000e-01,9.583e+00,-2.058e+01,2.000e-01,3.000e-01,1.000e-02,1.000e-02,None
SMD,PIN386,9.583e+00,-2.179e+01,2.000e-01,9.583e+00,-2.179e+01,2.000e-01,3.000e-01,1.000e-02,1.000e-02,None
SMD,PIN387,9.933e+00,-2.118e+01,2.000e-01,9.933e+00,-2.118e+01,2.000e-01,3.000e-01,1.000e-02,1.000e-02,None
SMD,PIN388,1.028e+01,-2.058e+01,2.000e-01,1.028e+01,-2.058e+01,2.000e-01,3.000e-01,1.000e-02,1.000e-02,None
SMD,PIN389,1.028e+01,-2.179e+01,2.000e-01,1.028e+01,-2.179e+01,2.000e-01,3.000e-01,1.000e-02,1.000e-02,None
SMD,PIN390,1.063e+01,-2.118e+01,2.000e-01,1.063e+01,-2.118e+01,2.000e-01,3.000e-01,1.000e-02,1.000e-02,None
SMD,PIN391,1.098e+01,-2.058e+01,2.000e-01,1.098e+01,-2.058e+01,2.000e-01,3.000e-01,1.000e-02,1.000e-02,None
SMD,PIN392,1.098e+01,-2.179e+01,2.000e-01,1.098e+01,-2.179e+01,2.000e-01,3.000e-01,1.000e-02,1.000e-02,None
SMD,PIN393,1.133e+01,-2.118e+01,2.000e-01,1.133e+01,-2.118e+01,2.000e-01,3.000e-01,1.000e-02,1.000e-02,None
SMD,PIN394,1.168e+01,-2.058e+01,2.000e-01,1.168e+01,-2.058e+01,2.000e-01,3.000e-01,1.000e-02,1.000e-02,None
SMD,PIN395,1.168e+01,-2.179e+01,2.000e-01,1.168e+01,-2.179e+01,2.000e-01,3.000e-01,1.000e-02,1.000e-02,None
SMD,PIN396,1.203e+01,-2.118e+01,2.000e-01,1.203e+01,-2.118e+01,2.000e-01,3.000e-01,1.000e-02,1.000e-02,None
SMD,PIN397,1.238e+01,-2.058e+01,2.000e-01,1.238e+01,-2.058e+01,2.000e-01,3.000e-01,1.000e-02,1.000e-02,None
SMD,PIN398,1.238e+01,-2.179e+01,2.000e-01,1.238e+01,-2.179e+01,2.000e-01,3.000e-01,1.000e-02,1.000e-02,None
SMD,PIN399,1.273e+01,-2.118e+01,2.000e-01,1.273e+01,-2.118e+01,2.000e-01,3.000e-01,1.000e-02,1.000e-02,None
SMD,PIN400,1.308e+01,-2.058e+01,2.000e-01,1.308e+01,-2.058e+01,2.000e-01,3.000e-01,1.000e-02,1.000e-02,None
SMD,PIN401,1.308e+01,-2.179e+01,2.000e-01,1.308e+01,-2.179e+01,2.000e-01,3.000e-01,1.000e-02,1.000e-02,None
SMD,PIN402,1.343e+01,-2.118e+01,2.000e-01,1.343e+01,-2.118e+01,2.000e-01,3.000e-01,1.000e-02,1.000e-02,None
SMD,PIN403,1.378e+01,-2.058e+01,2.000e-01,1.378e+01,-2.058e+01,2.000e-01,3.000e-01,1.000e-02,1.000e-02,None
SMD,PIN404,1.378e+01,-2.179e+01,2.000e-01,1.378e+01,-2.179e+01,2.000e-01,3.000e-01,1.000e-02,1.000e-02,None
SMD,PIN405,1.413e+01,-2.118e+01,2.000e-01,1.413e+01,-2.118e+01,2.000e-01,3.000e-01,1.000e-02,1.000e-02,None
SMD,PIN406,1.448e+01,-2.058e+01,2.000e-01,1.448e+01,-2.058e+01,2.000e-01,3.000e-01,1.000e-02,1.000e-02,None
SMD,PIN407,1.448e+01,-2.179e+01,2.000e-01,1.448e+01,-2.179e+01,2.000e-01,3.000e-01,1.000e-02,1.000e-02,None
SMD,PIN408,1.483e+01,-2.118e+01,2.000e-01,1.483e+01,-2.118e+01,2.000e-01,3.000e-01,1.000e-02,1.000e-02,None
SMD,PIN409,1.518e+01,-2.058e+01,2.000e-01,1.518e+01,-2.058e+01,2.000e-01,3.000e-01,1.000e-02,1.000e-02,None
SMD,PIN410,1.518e+01,-2.179e+01,2.000e-01,1.518e+01,-2.179e+01,2.000e-01,3.000e-01,1.000e-02,1.000e-02,None
SMD,PIN411,1.553e+01,-2.118e+01,2.000e-01,1.553e+01,-2.118e+01,2.000e-01,3.000e-01,1.000e-02,1.000e-02,None
SMD,PIN412,1.588e+01,-2.179e+01,2.000e-01,1.588e+01,-2.179e+01,2.000e-01,3.000e-01,1.000e-02,1.000e-02,None
SMD,PIN413,1.623e+01,-2.118e+01,2.000e-01,1.623e+01,-2.118e+01,2.000e-01,3.000e-01,1.000e-02,1.000e-02,None
SMD,PIN414,1.658e+01,-2.179e+01,2.000e-01,1.658e+01,-2.179e+01,2.000e-01,3.000e-01,1.000e-02,1.000e-02,None
SMD,PIN415,1.693e+01,-2.118e+01,2.000e-01,1.693e+01,-2.118e+01,2.000e-01,3.000e-01,1.000e-02,1.000e-02,None
SMD,PIN416,1.728e+01,-2.179e+01,2.000e-01,1.728e+01,-2.179e+01,2.000e-01,3.000e-01,1.000e-02,1.000e-02,None
SMD,PIN417,1.799e+01,-2.179e+01,2.000e-01,1.799e+01,-2.179e+01,2.000e-01,3.000e-01,1.000e-02,1.000e-02,None
SMD,PIN418,1.872e+01,-2.138e+01,2.000e-01,1.872e+01,-2.138e+01,2.000e-01,3.000e-01,1.000e-02,1.000e-02,None
SMD,PIN419,1.872e+01,-2.068e+01,2.000e-01,1.872e+01,-2.068e+01,2.000e-01,3.000e-01,1.000e-02,1.000e-02,None
SMD,PIN420,1.748e+01,-2.069e+01,2.000e-01,1.748e+01,-2.069e+01,2.000e-01,3.000e-01,1.000e-02,1.000e-02,None
SMD,PIN421,1.812e+01,-2.033e+01,2.000e-01,1.812e+01,-2.033e+01,2.000e-01,3.000e-01,1.000e-02,1.000e-02,None
SMD,PIN422,1.872e+01,-1.998e+01,2.000e-01,1.872e+01,-1.998e+01,2.000e-01,3.000e-01,1.000e-02,1.000e-02,None
SMD,PIN423,1.751e+01,-1.998e+01,2.000e-01,1.751e+01,-1.998e+01,2.000e-01,3.000e-01,1.000e-02,1.000e-02,None
SMD,PIN424,1.812e+01,-1.963e+01,2.000e-01,1.812e+01,-1.963e+01,2.000e-01,3.000e-01,1.000e-02,1.000e-02,None
SMD,PIN425,1.872e+01,-1.928e+01,2.000e-01,1.872e+01,-1.928e+01,2.000e-01,3.000e-01,1.000e-02,1.000e-02,None
SMD,PIN426,1.751e+01,-1.928e+01,2.000e-01,1.751e+01,-1.928e+01,2.000e-01,3.000e-01,1.000e-02,1.000e-02,None
SMD,PIN427,1.812e+01,-1.893e+01,2.000e-01,1.812e+01,-1.893e+01,2.000e-01,3.000e-01,1.000e-02,1.000e-02,None
SMD,PIN428,1.872e+01,-1.858e+01,2.000e-01,1.872e+01,-1.858e+01,2.000e-01,3.000e-01,1.000e-02,1.000e-02,None
SMD,PIN429,1.751e+01,-1.858e+01,2.000e-01,1.751e+01,-1.858e+01,2.000e-01,3.000e-01,1.000e-02,1.000e-02,None
SMD,PIN430,1.812e+01,-1.823e+01,2.000e-01,1.812e+01,-1.823e+01,2.000e-01,3.000e-01,1.000e-02,1.000e-02,None
SMD,PIN431,1.872e+01,-1.788e+01,2.000e-01,1.872e+01,-1.788e+01,2.000e-01,3.000e-01,1.000e-02,1.000e-02,None
SMD,PIN432,1.751e+01,-1.788e+01,2.000e-01,1.751e+01,-1.788e+01,2.000e-01,3.000e-01,1.000e-02,1.000e-02,None
SMD,PIN433,1.812e+01,-1.753e+01,2.000e-01,1.812e+01,-1.753e+01,2.000e-01,3.000e-01,1.000e-02,1.000e-02,None
SMD,PIN434,1.872e+01,-1.718e+01,2.000e-01,1.872e+01,-1.718e+01,2.000e-01,3.000e-01,1.000e-02,1.000e-02,None
SMD,PIN435,1.751e+01,-1.718e+01,2.000e-01,1.751e+01,-1.718e+01,2.000e-01,3.000e-01,1.000e-02,1.000e-02,None
SMD,PIN436,1.812e+01,-1.683e+01,2.000e-01,1.812e+01,-1.683e+01,2.000e-01,3.000e-01,1.000e-02,1.000e-02,None
SMD,PIN437,1.872e+01,-1.648e+01,2.000e-01,1.872e+01,-1.648e+01,2.000e-01,3.000e-01,1.000e-02,1.000e-02,None
SMD,PIN438,1.751e+01,-1.648e+01,2.000e-01,1.751e+01,-1.648e+01,2.000e-01,3.000e-01,1.000e-02,1.000e-02,None
SMD,PIN439,1.812e+01,-1.613e+01,2.000e-01,1.812e+01,-1.613e+01,2.000e-01,3.000e-01,1.000e-02,1.000e-02,None
SMD,PIN440,1.872e+01,-1.578e+01,2.000e-01,1.872e+01,-1.578e+01,2.000e-01,3.000e-01,1.000e-02,1.000e-02,None
SMD,PIN441,1.751e+01,-1.578e+01,2.000e-01,1.751e+01,-1.578e+01,2.000e-01,3.000e-01,1.000e-02,1.000e-02,None
SMD,PIN442,1.812e+01,-1.543e+01,2.000e-01,1.812e+01,-1.543e+01,2.000e-01,3.000e-01,1.000e-02,1.000e-02,None
SMD,PIN443,1.872e+01,-1.508e+01,2.000e-01,1.872e+01,-1.508e+01,2.000e-01,3.000e-01,1.000e-02,1.000e-02,None
SMD,PIN444,1.813e+01,-1.462e+01,2.000e-01,1.813e+01,-1.462e+01,2.000e-01,3.000e-01,1.000e-02,1.000e-02,None
SMD,PIN445,1.743e+01,-1.462e+01,2.000e-01,1.743e+01,-1.462e+01,2.000e-01,3.000e-01,1.000e-02,1.000e-02,None
SMD,PIN446,1.708e+01,-1.522e+01,2.000e-01,1.708e+01,-1.522e+01,2.000e-01,3.000e-01,1.000e-02,1.000e-02,None
SMD,PIN447,1.670e+01,-1.462e+01,2.000e-01,1.670e+01,-1.462e+01,2.000e-01,3.000e-01,1.000e-02,1.000e-02,None
SMD,PIN448,1.670e+01,-1.583e+01,2.000e-01,1.670e+01,-1.583e+01,2.000e-01,3.000e-01,1.000e-02,1.000e-02,None
SMD,PIN449,1.635e+01,-1.522e+01,2.000e-01,1.635e+01,-1.522e+01,2.000e-01,3.000e-01,1.000e-02,1.000e-02,None
SMD,PIN450,1.600e+01,-1.462e+01,2.000e-01,1.600e+01,-1.462e+01,2.000e-01,3.000e-01,1.000e-02,1.000e-02,None
SMD,PIN451,1.600e+01,-1.583e+01,2.000e-01,1.600e+01,-1.583e+01,2.000e-01,3.000e-01,1.000e-02,1.000e-02,None
SMD,PIN452,1.565e+01,-1.522e+01,2.000e-01,1.565e+01,-1.522e+01,2.000e-01,3.000e-01,1.000e-02,1.000e-02,None
SMD,PIN453,1.530e+01,-1.462e+01,2.000e-01,1.530e+01,-1.462e+01,2.000e-01,3.000e-01,1.000e-02,1.000e-02,None
SMD,PIN454,1.530e+01,-1.583e+01,2.000e-01,1.530e+01,-1.583e+01,2.000e-01,3.000e-01,1.000e-02,1.000e-02,None
SMD,PIN455,1.495e+01,-1.522e+01,2.000e-01,1.495e+01,-1.522e+01,2.000e-01,3.000e-01,1.000e-02,1.000e-02,None
SMD,PIN456,1.460e+01,-1.462e+01,2.000e-01,1.460e+01,-1.462e+01,2.000e-01,3.000e-01,1.000e-02,1.000e-02,None
SMD,PIN457,1.460e+01,-1.583e+01,2.000e-01,1.460e+01,-1.583e+01,2.000e-01,3.000e-01,1.000e-02,1.000e-02,None
SMD,PIN458,1.425e+01,-1.522e+01,2.000e-01,1.425e+01,-1.522e+01,2.000e-01,3.000e-01,1.000e-02,1.000e-02,None
SMD,PIN459,1.390e+01,-1.462e+01,2.000e-01,1.390e+01,-1.462e+01,2.000e-01,3.000e-01,1.000e-02,1.000e-02,None
SMD,PIN460,1.390e+01,-1.583e+01,2.000e-01,1.390e+01,-1.583e+01,2.000e-01,3.000e-01,1.000e-02,1.000e-02,None
SMD,PIN461,1.355e+01,-1.522e+01,2.000e-01,1.355e+01,-1.522e+01,2.000e-01,3.000e-01,1.000e-02,1.000e-02,None
SMD,PIN462,1.320e+01,-1.462e+01,2.000e-01,1.320e+01,-1.462e+01,2.000e-01,3.000e-01,1.000e-02,1.000e-02,None
SMD,PIN463,1.320e+01,-1.583e+01,2.000e-01,1.320e+01,-1.583e+01,2.000e-01,3.000e-01,1.000e-02,1.000e-02,None
SMD,PIN464,1.285e+01,-1.522e+01,2.000e-01,1.285e+01,-1.522e+01,2.000e-01,3.000e-01,1.000e-02,1.000e-02,None
SMD,PIN465,1.250e+01,-1.462e+01,2.000e-01,1.250e+01,-1.462e+01,2.000e-01,3.000e-01,1.000e-02,1.000e-02,None
SMD,PIN466,1.250e+01,-1.583e+01,2.000e-01,1.250e+01,-1.583e+01,2.000e-01,3.000e-01,1.000e-02,1.000e-02,None
SMD,PIN467,1.215e+01,-1.522e+01,2.000e-01,1.215e+01,-1.522e+01,2.000e-01,3.000e-01,1.000e-02,1.000e-02,None
SMD,PIN468,1.180e+01,-1.462e+01,2.000e-01,1.180e+01,-1.462e+01,2.000e-01,3.000e-01,1.000e-02,1.000e-02,None
SMD,PIN469,1.180e+01,-1.583e+01,2.000e-01,1.180e+01,-1.583e+01,2.000e-01,3.000e-01,1.000e-02,1.000e-02,None
SMD,PIN470,1.145e+01,-1.522e+01,2.000e-01,1.145e+01,-1.522e+01,2.000e-01,3.000e-01,1.000e-02,1.000e-02,None
SMD,PIN471,1.110e+01,-1.462e+01,2.000e-01,1.110e+01,-1.462e+01,2.000e-01,3.000e-01,1.000e-02,1.000e-02,None
SMD,PIN472,1.110e+01,-1.583e+01,2.000e-01,1.110e+01,-1.583e+01,2.000e-01,3.000e-01,1.000e-02,1.000e-02,None
SMD,PIN473,1.075e+01,-1.522e+01,2.000e-01,1.075e+01,-1.522e+01,2.000e-01,3.000e-01,1.000e-02,1.000e-02,None
SMD,PIN474,1.040e+01,-1.462e+01,2.000e-01,1.040e+01,-1.462e+01,2.000e-01,3.000e-01,1.000e-02,1.000e-02,None
SMD,PIN475,1.040e+01,-1.583e+01,2.000e-01,1.040e+01,-1.583e+01,2.000e-01,3.000e-01,1.000e-02,1.000e-02,None
SMD,PIN476,1.005e+01,-1.522e+01,2.000e-01,1.005e+01,-1.522e+01,2.000e-01,3.000e-01,1.000e-02,1.000e-02,None
SMD,PIN477,9.698e+00,-1.462e+01,2.000e-01,9.698e+00,-1.462e+01,2.000e-01,3.000e-01,1.000e-02,1.000e-02,None
SMD,PIN478,9.698e+00,-1.583e+01,2.000e-01,9.698e+00,-1.583e+01,2.000e-01,3.000e-01,1.000e-02,1.000e-02,None
SMD,PIN479,9.348e+00,-1.522e+01,2.000e-01,9.348e+00,-1.522e+01,2.000e-01,3.000e-01,1.000e-02,1.000e-02,None
SMD,PIN480,8.998e+00,-1.462e+01,2.000e-01,8.998e+00,-1.462e+01,2.000e-01,3.000e-01,1.000e-02,1.000e-02,None
SMD,PIN481,8.998e+00,-1.583e+01,2.000e-01,8.998e+00,-1.583e+01,2.000e-01,3.000e-01,1.000e-02,1.000e-02,None
SMD,PIN482,8.648e+00,-1.522e+01,2.000e-01,8.648e+00,-1.522e+01,2.000e-01,3.000e-01,1.000e-02,1.000e-02,None
SMD,PIN483,8.298e+00,-1.462e+01,2.000e-01,8.298e+00,-1.462e+01,2.000e-01,3.000e-01,1.000e-02,1.000e-02,None
SMD,PIN484,8.298e+00,-1.583e+01,2.000e-01,8.298e+00,-1.583e+01,2.000e-01,3.000e-01,1.000e-02,1.000e-02,None
SMD,PIN485,7.948e+00,-1.522e+01,2.000e-01,7.948e+00,-1.522e+01,2.000e-01,3.000e-01,1.000e-02,1.000e-02,None
SMD,PIN486,7.598e+00,-1.462e+01,2.000e-01,7.598e+00,-1.462e+01,2.000e-01,3.000e-01,1.000e-02,1.000e-02,None
SMD,PIN487,7.598e+00,-1.583e+01,2.000e-01,7.598e+00,-1.583e+01,2.000e-01,3.000e-01,1.000e-02,1.000e-02,None
SMD,PIN488,7.248e+00,-1.522e+01,2.000e-01,7.248e+00,-1.522e+01,2.000e-01,3.000e-01,1.000e-02,1.000e-02,None
SMD,PIN489,6.898e+00,-1.462e+01,2.000e-01,6.898e+00,-1.462e+01,2.000e-01,3.000e-01,1.000e-02,1.000e-02,None
SMD,PIN490,6.898e+00,-1.583e+01,2.000e-01,6.898e+00,-1.583e+01,2.000e-01,3.000e-01,1.000e-02,1.000e-02,None
SMD,PIN491,6.548e+00,-1.522e+01,2.000e-01,6.548e+00,-1.522e+01,2.000e-01,3.000e-01,1.000e-02,1.000e-02,None
SMD,PIN492,6.198e+00,-1.462e+01,2.000e-01,6.198e+00,-1.462e+01,2.000e-01,3.000e-01,1.000e-02,1.000e-02,None
SMD,PIN493,6.198e+00,-1.583e+01,2.000e-01,6.198e+00,-1.583e+01,2.000e-01,3.000e-01,1.000e-02,1.000e-02,None
SMD,PIN494,5.848e+00,-1.522e+01,2.000e-01,5.848e+00,-1.522e+01,2.000e-01,3.000e-01,1.000e-02,1.000e-02,None
SMD,PIN495,5.498e+00,-1.462e+01,2.000e-01,5.498e+00,-1.462e+01,2.000e-01,3.000e-01,1.000e-02,1.000e-02,None
SMD,PIN496,5.498e+00,-1.583e+01,2.000e-01,5.498e+00,-1.583e+01,2.000e-01,3.000e-01,1.000e-02,1.000e-02,None
SMD,PIN497,5.148e+00,-1.522e+01,2.000e-01,5.148e+00,-1.522e+01,2.000e-01,3.000e-01,1.000e-02,1.000e-02,None
SMD,PIN498,4.798e+00,-1.462e+01,2.000e-01,4.798e+00,-1.462e+01,2.000e-01,3.000e-01,1.000e-02,1.000e-02,None
SMD,PIN499,4.798e+00,-1.583e+01,2.000e-01,4.798e+00,-1.583e+01,2.000e-01,3.000e-01,1.000e-02,1.000e-02,None
SMD,PIN500,4.448e+00,-1.522e+01,2.000e-01,4.448e+00,-1.522e+01,2.000e-01,3.000e-01,1.000e-02,1.000e-02,None
SMD,PIN501,4.098e+00,-1.462e+01,2.000e-01,4.098e+00,-1.462e+01,2.000e-01,3.000e-01,1.000e-02,1.000e-02,None
SMD,PIN502,4.066e+00,-1.581e+01,2.000e-01,4.066e+00,-1.581e+01,2.000e-01,3.000e-01,1.000e-02,1.000e-02,None
SMD,PIN503,3.711e+00,-1.520e+01,2.000e-01,3.711e+00,-1.520e+01,2.000e-01,3.000e-01,1.000e-02,1.000e-02,None
SMD,PIN504,3.066e+00,-1.548e+01,2.000e-01,3.066e+00,-1.548e+01,2.000e-01,3.000e-01,1.000e-02,1.000e-02,None
SMD,PIN505,3.446e+00,-1.406e+01,2.000e-01,3.446e+00,-1.406e+01,2.000e-01,3.000e-01,1.000e-02,1.000e-02,None
SMD,PIN506,3.136e+00,-1.471e+01,2.000e-01,3.136e+00,-1.471e+01,2.000e-01,3.000e-01,1.000e-02,1.000e-02,None
SMD,PIN507,2.496e+00,-1.505e+01,2.000e-01,2.496e+00,-1.505e+01,2.000e-01,3.000e-01,1.000e-02,1.000e-02,None
SMD,PIN508,2.656e+00,-1.403e+01,2.000e-01,2.656e+00,-1.403e+01,2.000e-01,3.000e-01,1.000e-02,1.000e-02,None
SMD,PIN509,2.081e+00,-1.448e+01,2.000e-01,2.081e+00,-1.448e+01,2.000e-01,3.000e-01,1.000e-02,1.000e-02,None
SMD,PIN510,1.801e+00,-1.383e+01,2.000e-01,1.801e+00,-1.383e+01,2.000e-01,3.000e-01,1.000e-02,1.000e-02,None
SMD,PIN511,2.320e+00,-1.334e+01,2.000e-01,2.320e+00,-1.334e+01,2.000e-01,3.000e-01,1.000e-02,1.000e-02,None
SMD,PIN512,2.926e+00,-1.299e+01,2.000e-01,2.926e+00,-1.299e+01,2.000e-01,3.000e-01,1.000e-02,1.000e-02,None
SMD,PIN513,1.713e+00,-1.299e+01,2.000e-01,1.713e+00,-1.299e+01,2.000e-01,3.000e-01,1.000e-02,1.000e-02,None
SMD,PIN514,2.320e+00,-1.264e+01,2.000e-01,2.320e+00,-1.264e+01,2.000e-01,3.000e-01,1.000e-02,1.000e-02,None
SMD,PIN515,2.926e+00,-1.229e+01,2.000e-01,2.926e+00,-1.229e+01,2.000e-01,3.000e-01,1.000e-02,1.000e-02,None
SMD,PIN516,1.713e+00,-1.229e+01,2.000e-01,1.713e+00,-1.229e+01,2.000e-01,3.000e-01,1.000e-02,1.000e-02,None
SMD,PIN517,2.320e+00,-1.194e+01,2.000e-01,2.320e+00,-1.194e+01,2.000e-01,3.000e-01,1.000e-02,1.000e-02,None
SMD,PIN518,2.926e+00,-1.159e+01,2.000e-01,2.926e+00,-1.159e+01,2.000e-01,3.000e-01,1.000e-02,1.000e-02,None
SMD,PIN519,1.713e+00,-1.159e+01,2.000e-01,1.713e+00,-1.159e+01,2.000e-01,3.000e-01,1.000e-02,1.000e-02,None
SMD,PIN520,2.320e+00,-1.124e+01,2.000e-01,2.320e+00,-1.124e+01,2.000e-01,3.000e-01,1.000e-02,1.000e-02,None
SMD,PIN521,2.926e+00,-1.089e+01,2.000e-01,2.926e+00,-1.089e+01,2.000e-01,3.000e-01,1.000e-02,1.000e-02,None
SMD,PIN522,1.713e+00,-1.089e+01,2.000e-01,1.713e+00,-1.089e+01,2.000e-01,3.000e-01,1.000e-02,1.000e-02,None
SMD,PIN523,2.320e+00,-1.054e+01,2.000e-01,2.320e+00,-1.054e+01,2.000e-01,3.000e-01,1.000e-02,1.000e-02,None
SMD,PIN524,2.926e+00,-1.019e+01,2.000e-01,2.926e+00,-1.019e+01,2.000e-01,3.000e-01,1.000e-02,1.000e-02,None
SMD,PIN525,1.713e+00,-1.019e+01,2.000e-01,1.713e+00,-1.019e+01,2.000e-01,3.000e-01,1.000e-02,1.000e-02,None
SMD,PIN526,2.320e+00,-9.839e+00,2.000e-01,2.320e+00,-9.839e+00,2.000e-01,3.000e-01,1.000e-02,1.000e-02,None
SMD,PIN527,2.926e+00,-9.489e+00,2.000e-01,2.926e+00,-9.489e+00,2.000e-01,3.000e-01,1.000e-02,1.000e-02,None
SMD,PIN528,1.713e+00,-9.489e+00,2.000e-01,1.713e+00,-9.489e+00,2.000e-01,3.000e-01,1.000e-02,1.000e-02,None
SMD,PIN529,2.320e+00,-9.139e+00,2.000e-01,2.320e+00,-9.139e+00,2.000e-01,3.000e-01,1.000e-02,1.000e-02,None
SMD,PIN530,2.926e+00,-8.789e+00,2.000e-01,2.926e+00,-8.789e+00,2.000e-01,3.000e-01,1.000e-02,1.000e-02,None
SMD,PIN531,1.713e+00,-8.789e+00,2.000e-01,1.713e+00,-8.789e+00,2.000e-01,3.000e-01,1.000e-02,1.000e-02,None
SMD,PIN532,2.320e+00,-8.439e+00,2.000e-01,2.320e+00,-8.439e+00,2.000e-01,3.000e-01,1.000e-02,1.000e-02,None
SMD,PIN533,2.926e+00,-8.089e+00,2.000e-01,2.926e+00,-8.089e+00,2.000e-01,3.000e-01,1.000e-02,1.000e-02,None
SMD,PIN534,1.713e+00,-8.089e+00,2.000e-01,1.713e+00,-8.089e+00,2.000e-01,3.000e-01,1.000e-02,1.000e-02,None
SMD,PIN535,2.320e+00,-7.739e+00,2.000e-01,2.320e+00,-7.739e+00,2.000e-01,3.000e-01,1.000e-02,1.000e-02,None
SMD,PIN536,2.926e+00,-7.389e+00,2.000e-01,2.926e+00,-7.389e+00,2.000e-01,3.000e-01,1.000e-02,1.000e-02,None
SMD,PIN537,1.713e+00,-7.389e+00,2.000e-01,1.713e+00,-7.389e+00,2.000e-01,3.000e-01,1.000e-02,1.000e-02,None
SMD,PIN538,2.320e+00,-7.039e+00,2.000e-01,2.320e+00,-7.039e+00,2.000e-01,3.000e-01,1.000e-02,1.000e-02,None
SMD,PIN539,2.926e+00,-6.689e+00,2.000e-01,2.926e+00,-6.689e+00,2.000e-01,3.000e-01,1.000e-02,1.000e-02,None
SMD,PIN540,1.713e+00,-6.689e+00,2.000e-01,1.713e+00,-6.689e+00,2.000e-01,3.000e-01,1.000e-02,1.000e-02,None
SMD,PIN541,2.320e+00,-6.339e+00,2.000e-01,2.320e+00,-6.339e+00,2.000e-01,3.000e-01,1.000e-02,1.000e-02,None
SMD,PIN542,2.926e+00,-5.989e+00,2.000e-01,2.926e+00,-5.989e+00,2.000e-01,3.000e-01,1.000e-02,1.000e-02,None
SMD,PIN543,1.713e+00,-5.989e+00,2.000e-01,1.713e+00,-5.989e+00,2.000e-01,3.000e-01,1.000e-02,1.000e-02,None
SMD,PIN544,2.320e+00,-5.639e+00,2.000e-01,2.320e+00,-5.639e+00,2.000e-01,3.000e-01,1.000e-02,1.000e-02,None
SMD,PIN545,2.926e+00,-5.289e+00,2.000e-01,2.926e+00,-5.289e+00,2.000e-01,3.000e-01,1.000e-02,1.000e-02,None
SMD,PIN546,1.713e+00,-5.289e+00,2.000e-01,1.713e+00,-5.289e+00,2.000e-01,3.000e-01,1.000e-02,1.000e-02,None
SMD,PIN547,2.320e+00,-4.939e+00,2.000e-01,2.320e+00,-4.939e+00,2.000e-01,3.000e-01,1.000e-02,1.000e-02,None
SMD,PIN548,2.926e+00,-4.589e+00,2.000e-01,2.926e+00,-4.589e+00,2.000e-01,3.000e-01,1.000e-02,1.000e-02,None
SMD,PIN549,1.713e+00,-4.589e+00,2.000e-01,1.713e+00,-4.589e+00,2.000e-01,3.000e-01,1.000e-02,1.000e-02,None
SMD,PIN550,2.320e+00,-4.239e+00,2.000e-01,2.320e+00,-4.239e+00,2.000e-01,3.000e-01,1.000e-02,1.000e-02,None
SMD,PIN551,2.926e+00,-3.889e+00,2.000e-01,2.926e+00,-3.889e+00,2.000e-01,3.000e-01,1.000e-02,1.000e-02,None
SMD,PIN552,1.713e+00,-3.889e+00,2.000e-01,1.713e+00,-3.889e+00,2.000e-01,3.000e-01,1.000e-02,1.000e-02,None
SMD,PIN553,2.320e+00,-3.539e+00,2.000e-01,2.320e+00,-3.539e+00,2.000e-01,3.000e-01,1.000e-02,1.000e-02,None
SMD,PIN554,2.926e+00,-3.189e+00,2.000e-01,2.926e+00,-3.189e+00,2.000e-01,3.000e-01,1.000e-02,1.000e-02,None
SMD,PIN555,1.713e+00,-3.189e+00,2.000e-01,1.713e+00,-3.189e+00,2.000e-01,3.000e-01,1.000e-02,1.000e-02,None
SMD,PIN556,2.320e+00,-2.839e+00,2.000e-01,2.320e+00,-2.839e+00,2.000e-01,3.000e-01,1.000e-02,1.000e-02,None
SMD,PIN557,2.926e+00,-2.489e+00,2.000e-01,2.926e+00,-2.489e+00,2.000e-01,3.000e-01,1.000e-02,1.000e-02,None
SMD,PIN558,1.713e+00,-2.489e+00,2.000e-01,1.713e+00,-2.489e+00,2.000e-01,3.000e-01,1.000e-02,1.000e-02,None
SMD,PIN559,2.320e+00,-2.139e+00,2.000e-01,2.320e+00,-2.139e+00,2.000e-01,3.000e-01,1.000e-02,1.000e-02,None
SMD,PIN560,2.926e+00,-1.789e+00,2.000e-01,2.926e+00,-1.789e+00,2.000e-01,3.000e-01,1.000e-02,1.000e-02,None
SMD,PIN561,1.713e+00,-1.789e+00,2.000e-01,1.713e+00,-1.789e+00,2.000e-01,3.000e-01,1.000e-02,1.000e-02,None
SMD,PIN562,2.320e+00,-1.439e+00,2.000e-01,2.320e+00,-1.439e+00,2.000e-01,3.000e-01,1.000e-02,1.000e-02,None
SMD,PIN563,2.926e+00,-1.089e+00,2.000e-01,2.926e+00,-1.089e+00,2.000e-01,3.000e-01,1.000e-02,1.000e-02,None
SMD,PIN564,1.713e+00,-1.089e+00,2.000e-01,1.713e+00,-1.089e+00,2.000e-01,3.000e-01,1.000e-02,1.000e-02,None
SMD,PIN565,2.320e+00,-7.393e-01,2.000e-01,2.320e+00,-7.393e-01,2.000e-01,3.000e-01,1.000e-02,1.000e-02,None
SMD,PIN566,2.926e+00,-3.893e-01,2.000e-01,2.926e+00,-3.893e-01,2.000e-01,3.000e-01,1.000e-02,1.000e-02,None
SMD,PIN567,1.713e+00,-3.893e-01,2.000e-01,1.713e+00,-3.893e-01,2.000e-01,3.000e-01,1.000e-02,1.000e-02,None
SMD,PIN568,2.320e+00,-3.931e-02,2.000e-01,2.320e+00,-3.931e-02,2.000e-01,3.000e-01,1.000e-02,1.000e-02,None
SMD,PIN569,2.926e+00,3.107e-01,2.000e-01,2.926e+00,3.107e-01,2.000e-01,3.000e-01,1.000e-02,1.000e-02,None
SMD,PIN570,1.713e+00,3.107e-01,2.000e-01,1.713e+00,3.107e-01,2.000e-01,3.000e-01,1.000e-02,1.000e-02,None
SMD,PIN571,2.320e+00,6.607e-01,2.000e-01,2.320e+00,6.607e-01,2.000e-01,3.000e-01,1.000e-02,1.000e-02,None
SMD,PIN572,2.926e+00,1.011e+00,2.000e-01,2.926e+00,1.011e+00,2.000e-01,3.000e-01,1.000e-02,1.000e-02,None
SMD,PIN573,1.713e+00,1.011e+00,2.000e-01,1.713e+00,1.011e+00,2.000e-01,3.000e-01,1.000e-02,1.000e-02,None
SMD,PIN574,2.320e+00,1.361e+00,2.000e-01,2.320e+00,1.361e+00,2.000e-01,3.000e-01,1.000e-02,1.000e-02,None
SMD,PIN575,2.926e+00,1.711e+00,2.000e-01,2.926e+00,1.711e+00,2.000e-01,3.000e-01,1.000e-02,1.000e-02,None
SMD,PIN576,1.713e+00,1.711e+00,2.000e-01,1.713e+00,1.711e+00,2.000e-01,3.000e-01,1.000e-02,1.000e-02,None
SMD,PIN577,2.320e+00,2.061e+00,2.000e-01,2.320e+00,2.061e+00,2.000e-01,3.000e-01,1.000e-02,1.000e-02,None
SMD,PIN578,2.926e+00,2.411e+00,2.000e-01,2.926e+00,2.411e+00,2.000e-01,3.000e-01,1.000e-02,1.000e-02,None
SMD,PIN579,1.713e+00,2.411e+00,2.000e-01,1.713e+00,2.411e+00,2.000e-01,3.000e-01,1.000e-02,1.000e-02,None
SMD,PIN580,2.320e+00,2.761e+00,2.000e-01,2.320e+00,2.761e+00,2.000e-01,3.000e-01,1.000e-02,1.000e-02,None
SMD,PIN581,2.926e+00,3.111e+00,2.000e-01,2.926e+00,3.111e+00,2.000e-01,3.000e-01,1.000e-02,1.000e-02,None
SMD,PIN582,1.713e+00,3.111e+00,2.000e-01,1.713e+00,3.111e+00,2.000e-01,3.000e-01,1.000e-02,1.000e-02,None
SMD,PIN583,2.320e+00,3.461e+00,2.000e-01,2.320e+00,3.461e+00,2.000e-01,3.000e-01,1.000e-02,1.000e-02,None
SMD,PIN584,2.926e+00,3.811e+00,2.000e-01,2.926e+00,3.811e+00,2.000e-01,3.000e-01,1.000e-02,1.000e-02,None
SMD,PIN585,1.713e+00,3.811e+00,2.000e-01,1.713e+00,3.811e+00,2.000e-01,3.000e-01,1.000e-02,1.000e-02,None
SMD,PIN586,2.320e+00,4.161e+00,2.000e-01,2.320e+00,4.161e+00,2.000e-01,3.000e-01,1.000e-02,1.000e-02,None
SMD,PIN587,2.926e+00,4.511e+00,2.000e-01,2.926e+00,4.511e+00,2.000e-01,3.000e-01,1.000e-02,1.000e-02,None
SMD,PIN588,1.713e+00,4.511e+00,2.000e-01,1.713e+00,4.511e+00,2.000e-01,3.000e-01,1.000e-02,1.000e-02,None
SMD,PIN589,2.320e+00,4.861e+00,2.000e-01,2.320e+00,4.861e+00,2.000e-01,3.000e-01,1.000e-02,1.000e-02,None
SMD,PIN590,2.926e+00,5.211e+00,2.000e-01,2.926e+00,5.211e+00,2.000e-01,3.000e-01,1.000e-02,1.000e-02,None
SMD,PIN591,1.713e+00,5.211e+00,2.000e-01,1.713e+00,5.211e+00,2.000e-01,3.000e-01,1.000e-02,1.000e-02,None
SMD,PIN592,2.320e+00,5.561e+00,2.000e-01,2.320e+00,5.561e+00,2.000e-01,3.000e-01,1.000e-02,1.000e-02,None
SMD,PIN593,2.926e+00,5.911e+00,2.000e-01,2.926e+00,5.911e+00,2.000e-01,3.000e-01,1.000e-02,1.000e-02,None
SMD,PIN594,1.713e+00,5.911e+00,2.000e-01,1.713e+00,5.911e+00,2.000e-01,3.000e-01,1.000e-02,1.000e-02,None
SMD,PIN595,2.320e+00,6.261e+00,2.000e-01,2.320e+00,6.261e+00,2.000e-01,3.000e-01,1.000e-02,1.000e-02,None
SMD,PIN596,2.926e+00,6.611e+00,2.000e-01,2.926e+00,6.611e+00,2.000e-01,3.000e-01,1.000e-02,1.000e-02,None
SMD,PIN597,1.713e+00,6.611e+00,2.000e-01,1.713e+00,6.611e+00,2.000e-01,3.000e-01,1.000e-02,1.000e-02,None
SMD,PIN598,3.321e+00,7.340e+00,2.000e-01,3.321e+00,7.340e+00,2.000e-01,3.000e-01,1.000e-02,1.000e-02,None
SMD,PIN599,2.581e+00,7.234e+00,2.000e-01,2.581e+00,7.234e+00,2.000e-01,3.000e-01,1.000e-02,1.000e-02,None
SMD,PIN600,1.876e+00,7.319e+00,2.000e-01,1.876e+00,7.319e+00,2.000e-01,3.000e-01,1.000e-02,1.000e-02,None
SMD,PIN601,2.301e+00,7.889e+00,2.000e-01,2.301e+00,7.889e+00,2.000e-01,3.000e-01,1.000e-02,1.000e-02,None
SMD,PIN602,3.031e+00,7.994e+00,2.000e-01,3.031e+00,7.994e+00,2.000e-01,3.000e-01,1.000e-02,1.000e-02,None
SMD,PIN603,2.816e+00,8.675e+00,2.000e-01,2.816e+00,8.675e+00,2.000e-01,3.000e-01,1.000e-02,1.000e-02,None
SMD,PIN604,3.541e+00,8.535e+00,2.000e-01,3.541e+00,8.535e+00,2.000e-01,3.000e-01,1.000e-02,1.000e-02,None
SMD,PIN605,3.891e+00,9.150e+00,2.000e-01,3.891e+00,9.150e+00,2.000e-01,3.000e-01,1.000e-02,1.000e-02,None
SMD,PIN606,3.901e+00,7.920e+00,2.000e-01,3.901e+00,7.920e+00,2.000e-01,3.000e-01,1.000e-02,1.000e-02,None
SMD,PIN607,4.301e+00,8.573e+00,2.000e-01,4.301e+00,8.573e+00,2.000e-01,3.000e-01,1.000e-02,1.000e-02,None
SMD,PIN608,4.651e+00,9.180e+00,2.000e-01,4.651e+00,9.180e+00,2.000e-01,3.000e-01,1.000e-02,1.000e-02,None
SMD,PIN609,4.651e+00,7.967e+00,2.000e-01,4.651e+00,7.967e+00,2.000e-01,3.000e-01,1.000e-02,1.000e-02,None
SMD,PIN610,5.001e+00,8.573e+00,2.000e-01,5.001e+00,8.573e+00,2.000e-01,3.000e-01,1.000e-02,1.000e-02,None
SMD,PIN611,5.351e+00,9.180e+00,2.000e-01,5.351e+00,9.180e+00,2.000e-01,3.000e-01,1.000e-02,1.000e-02,None
SMD,PIN612,5.351e+00,7.967e+00,2.000e-01,5.351e+00,7.967e+00,2.000e-01,3.000e-01,1.000e-02,1.000e-02,None
SMD,PIN613,5.701e+00,8.573e+00,2.000e-01,5.701e+00,8.573e+00,2.000e-01,3.000e-01,1.000e-02,1.000e-02,None
SMD,PIN614,6.051e+00,9.180e+00,2.000e-01,6.051e+00,9.180e+00,2.000e-01,3.000e-01,1.000e-02,1.000e-02,None
SMD,PIN615,6.051e+00,7.967e+00,2.000e-01,6.051e+00,7.967e+00,2.000e-01,3.000e-01,1.000e-02,1.000e-02,None
SMD,PIN616,6.401e+00,8.573e+00,2.000e-01,6.401e+00,8.573e+00,2.000e-01,3.000e-01,1.000e-02,1.000e-02,None
SMD,PIN617,6.751e+00,9.180e+00,2.000e-01,6.751e+00,9.180e+00,2.000e-01,3.000e-01,1.000e-02,1.000e-02,None
SMD,PIN618,6.751e+00,7.967e+00,2.000e-01,6.751e+00,7.967e+00,2.000e-01,3.000e-01,1.000e-02,1.000e-02,None
SMD,PIN619,7.101e+00,8.573e+00,2.000e-01,7.101e+00,8.573e+00,2.000e-01,3.000e-01,1.000e-02,1.000e-02,None
SMD,PIN620,7.451e+00,7.967e+00,2.000e-01,7.451e+00,7.967e+00,2.000e-01,3.000e-01,1.000e-02,1.000e-02,None
SMD,PIN621,6.478e+00,9.827e+00,2.000e-01,6.478e+00,9.827e+00,2.000e-01,3.000e-01,1.000e-02,1.000e-02,None
SMD,PIN622,6.977e+00,1.032e+01,2.000e-01,6.977e+00,1.032e+01,2.000e-01,3.000e-01,1.000e-02,1.000e-02,None
SMD,PIN623,7.666e+00,1.077e+01,2.000e-01,7.666e+00,1.077e+01,2.000e-01,3.000e-01,1.000e-02,1.000e-02,None
SMD,PIN624,7.506e+00,1.173e+01,2.000e-01,7.506e+00,1.173e+01,2.000e-01,3.000e-01,1.000e-02,1.000e-02,None
SMD,PIN625,8.151e+00,1.145e+01,2.000e-01,8.151e+00,1.145e+01,2.000e-01,3.000e-01,1.000e-02,1.000e-02,None
SMD,PIN626,8.161e+00,1.216e+01,2.000e-01,8.161e+00,1.216e+01,2.000e-01,3.000e-01,1.000e-02,1.000e-02,None
SMD,PIN627,8.851e+00,1.189e+01,2.000e-01,8.851e+00,1.189e+01,2.000e-01,3.000e-01,1.000e-02,1.000e-02,None
SMD,PIN628,9.051e+00,1.256e+01,2.000e-01,9.051e+00,1.256e+01,2.000e-01,3.000e-01,1.000e-02,1.000e-02,None
SMD,PIN629,9.661e+00,1.218e+01,2.000e-01,9.661e+00,1.218e+01,2.000e-01,3.000e-01,1.000e-02,1.000e-02,None
SMD,PIN630,1.045e+01,1.190e+01,2.000e-01,1.045e+01,1.190e+01,2.000e-01,3.000e-01,1.000e-02,1.000e-02,None
SMD,PIN631,1.142e+01,1.195e+01,2.000e-01,1.142e+01,1.195e+01,2.000e-01,3.000e-01,1.000e-02,1.000e-02,None
SMD,PIN632,1.133e+01,1.125e+01,2.000e-01,1.133e+01,1.125e+01,2.000e-01,3.000e-01,1.000e-02,1.000e-02,None
SMD,PIN633,1.173e+01,1.054e+01,2.000e-01,1.173e+01,1.054e+01,2.000e-01,3.000e-01,1.000e-02,1.000e-02,None
SMD,PIN634,1.186e+01,9.740e+00,2.000e-01,1.186e+01,9.740e+00,2.000e-01,3.000e-01,1.000e-02,1.000e-02,None
SMD,PIN635,1.163e+01,8.945e+00,2.000e-01,1.163e+01,8.945e+00,2.000e-01,3.000e-01,1.000e-02,1.000e-02,None
SMD,PIN636,1.120e+01,8.270e+00,2.000e-01,1.120e+01,8.270e+00,2.000e-01,3.000e-01,1.000e-02,1.000e-02,None
SMD,PIN637,1.051e+01,7.820e+00,2.000e-01,1.051e+01,7.820e+00,2.000e-01,3.000e-01,1.000e-02,1.000e-02,None
SMD,PIN638,9.706e+00,7.670e+00,2.000e-01,9.706e+00,7.670e+00,2.000e-01,3.000e-01,1.000e-02,1.000e-02,None
SMD,PIN639,8.921e+00,7.795e+00,2.000e-01,8.921e+00,7.795e+00,2.000e-01,3.000e-01,1.000e-02,1.000e-02,None
SMD,PIN640,8.181e+00,8.010e+00,2.000e-01,8.181e+00,8.010e+00,2.000e-01,3.000e-01,1.000e-02,1.000e-02,None
SMD,PIN641,7.791e+00,8.720e+00,2.000e-01,7.791e+00,8.720e+00,2.000e-01,3.000e-01,1.000e-02,1.000e-02,None
SMD,PIN642,7.491e+00,9.545e+00,2.000e-01,7.491e+00,9.545e+00,2.000e-01,3.000e-01,1.000e-02,1.000e-02,None
SMD,PIN643,6.026e+00,1.036e+01,2.000e-01,6.026e+00,1.036e+01,2.000e-01,3.000e-01,1.000e-02,1.000e-02,None
SMD,PIN644,6.306e+00,1.100e+01,2.000e-01,6.306e+00,1.100e+01,2.000e-01,3.000e-01,1.000e-02,1.000e-02,None
SMD,PIN645,7.006e+00,1.102e+01,2.000e-01,7.006e+00,1.102e+01,2.000e-01,3.000e-01,1.000e-02,1.000e-02,None
SMD,PIN646,6.061e+00,1.166e+01,2.000e-01,6.061e+00,1.166e+01,2.000e-01,3.000e-01,1.000e-02,1.000e-02,None
SMD,PIN647,6.766e+00,1.168e+01,2.000e-01,6.766e+00,1.168e+01,2.000e-01,3.000e-01,1.000e-02,1.000e-02,None
SMD,PIN648,1.141e+01,1.266e+01,2.000e-01,1.141e+01,1.266e+01,2.000e-01,3.000e-01,1.000e-02,1.000e-02,None
SMD,PIN649,1.020e+01,1.266e+01,2.000e-01,1.020e+01,1.266e+01,2.000e-01,3.000e-01,1.000e-02,1.000e-02,None
SMD,PIN650,1.080e+01,1.301e+01,2.000e-01,1.080e+01,1.301e+01,2.000e-01,3.000e-01,1.000e-02,1.000e-02,None
SMD,PIN651,9.589e+00,1.301e+01,2.000e-01,9.589e+00,1.301e+01,2.000e-01,3.000e-01,1.000e-02,1.000e-02,None
SMD,PIN652,1.141e+01,1.336e+01,2.000e-01,1.141e+01,1.336e+01,2.000e-01,3.000e-01,1.000e-02,1.000e-02,None
SMD,PIN653,1.020e+01,1.336e+01,2.000e-01,1.020e+01,1.336e+01,2.000e-01,3.000e-01,1.000e-02,1.000e-02,None
SMD,PIN654,1.080e+01,1.371e+01,2.000e-01,1.080e+01,1.371e+01,2.000e-01,3.000e-01,1.000e-02,1.000e-02,None
SMD,PIN655,9.589e+00,1.371e+01,2.000e-01,9.589e+00,1.371e+01,2.000e-01,3.000e-01,1.000e-02,1.000e-02,None
SMD,PIN656,1.141e+01,1.406e+01,2.000e-01,1.141e+01,1.406e+01,2.000e-01,3.000e-01,1.000e-02,1.000e-02,None
SMD,PIN657,1.020e+01,1.406e+01,2.000e-01,1.020e+01,1.406e+01,2.000e-01,3.000e-01,1.000e-02,1.000e-02,None
SMD,PIN658,1.080e+01,1.441e+01,2.000e-01,1.080e+01,1.441e+01,2.000e-01,3.000e-01,1.000e-02,1.000e-02,None
SMD,PIN659,9.589e+00,1.441e+01,2.000e-01,9.589e+00,1.441e+01,2.000e-01,3.000e-01,1.000e-02,1.000e-02,None
SMD,PIN660,1.141e+01,1.476e+01,2.000e-01,1.141e+01,1.476e+01,2.000e-01,3.000e-01,1.000e-02,1.000e-02,None
SMD,PIN661,1.020e+01,1.476e+01,2.000e-01,1.020e+01,1.476e+01,2.000e-01,3.000e-01,1.000e-02,1.000e-02,None
SMD,PIN662,1.080e+01,1.511e+01,2.000e-01,1.080e+01,1.511e+01,2.000e-01,3.000e-01,1.000e-02,1.000e-02,None
SMD,PIN663,9.589e+00,1.511e+01,2.000e-01,9.589e+00,1.511e+01,2.000e-01,3.000e-01,1.000e-02,1.000e-02,None
SMD,PIN664,1.141e+01,1.546e+01,2.000e-01,1.141e+01,1.546e+01,2.000e-01,3.000e-01,1.000e-02,1.000e-02,None
SMD,PIN665,1.020e+01,1.546e+01,2.000e-01,1.020e+01,1.546e+01,2.000e-01,3.000e-01,1.000e-02,1.000e-02,None
SMD,PIN666,1.080e+01,1.581e+01,2.000e-01,1.080e+01,1.581e+01,2.000e-01,3.000e-01,1.000e-02,1.000e-02,None
SMD,PIN667,9.589e+00,1.581e+01,2.000e-01,9.589e+00,1.581e+01,2.000e-01,3.000e-01,1.000e-02,1.000e-02,None
SMD,PIN668,1.141e+01,1.616e+01,2.000e-01,1.141e+01,1.616e+01,2.000e-01,3.000e-01,1.000e-02,1.000e-02,None
SMD,PIN669,1.020e+01,1.616e+01,2.000e-01,1.020e+01,1.616e+01,2.000e-01,3.000e-01,1.000e-02,1.000e-02,None
SMD,PIN670,1.080e+01,1.651e+01,2.000e-01,1.080e+01,1.651e+01,2.000e-01,3.000e-01,1.000e-02,1.000e-02,None
SMD,PIN671,9.589e+00,1.651e+01,2.000e-01,9.589e+00,1.651e+01,2.000e-01,3.000e-01,1.000e-02,1.000e-02,None
SMD,PIN672,1.141e+01,1.686e+01,2.000e-01,1.141e+01,1.686e+01,2.000e-01,3.000e-01,1.000e-02,1.000e-02,None
SMD,PIN673,1.020e+01,1.686e+01,2.000e-01,1.020e+01,1.686e+01,2.000e-01,3.000e-01,1.000e-02,1.000e-02,None
SMD,PIN674,1.080e+01,1.721e+01,2.000e-01,1.080e+01,1.721e+01,2.000e-01,3.000e-01,1.000e-02,1.000e-02,None
SMD,PIN675,9.589e+00,1.721e+01,2.000e-01,9.589e+00,1.721e+01,2.000e-01,3.000e-01,1.000e-02,1.000e-02,None
SMD,PIN676,1.141e+01,1.756e+01,2.000e-01,1.141e+01,1.756e+01,2.000e-01,3.000e-01,1.000e-02,1.000e-02,None
SMD,PIN677,1.020e+01,1.756e+01,2.000e-01,1.020e+01,1.756e+01,2.000e-01,3.000e-01,1.000e-02,1.000e-02,None
SMD,PIN678,1.080e+01,1.791e+01,2.000e-01,1.080e+01,1.791e+01,2.000e-01,3.000e-01,1.000e-02,1.000e-02,None
SMD,PIN679,9.589e+00,1.791e+01,2.000e-01,9.589e+00,1.791e+01,2.000e-01,3.000e-01,1.000e-02,1.000e-02,None
SMD,PIN680,1.141e+01,1.826e+01,2.000e-01,1.141e+01,1.826e+01,2.000e-01,3.000e-01,1.000e-02,1.000e-02,None
SMD,PIN681,1.020e+01,1.826e+01,2.000e-01,1.020e+01,1.826e+01,2.000e-01,3.000e-01,1.000e-02,1.000e-02,None
SMD,PIN682,1.080e+01,1.861e+01,2.000e-01,1.080e+01,1.861e+01,2.000e-01,3.000e-01,1.000e-02,1.000e-02,None
SMD,PIN683,9.589e+00,1.861e+01,2.000e-01,9.589e+00,1.861e+01,2.000e-01,3.000e-01,1.000e-02,1.000e-02,None
SMD,PIN684,1.141e+01,1.896e+01,2.000e-01,1.141e+01,1.896e+01,2.000e-01,3.000e-01,1.000e-02,1.000e-02,None
SMD,PIN685,1.020e+01,1.896e+01,2.000e-01,1.020e+01,1.896e+01,2.000e-01,3.000e-01,1.000e-02,1.000e-02,None
SMD,PIN686,1.080e+01,1.931e+01,2.000e-01,1.080e+01,1.931e+01,2.000e-01,3.000e-01,1.000e-02,1.000e-02,None
SMD,PIN687,9.589e+00,1.931e+01,2.000e-01,9.589e+00,1.931e+01,2.000e-01,3.000e-01,1.000e-02,1.000e-02,None
SMD,PIN688,1.153e+01,1.975e+01,2.000e-01,1.153e+01,1.975e+01,2.000e-01,3.000e-01,1.000e-02,1.000e-02,None
SMD,PIN689,1.020e+01,1.966e+01,2.000e-01,1.020e+01,1.966e+01,2.000e-01,3.000e-01,1.000e-02,1.000e-02,None
SMD,PIN690,1.080e+01,2.001e+01,2.000e-01,1.080e+01,2.001e+01,2.000e-01,3.000e-01,1.000e-02,1.000e-02,None
SMD,PIN691,9.589e+00,2.001e+01,2.000e-01,9.589e+00,2.001e+01,2.000e-01,3.000e-01,1.000e-02,1.000e-02,None
SMD,PIN692,1.020e+01,2.036e+01,2.000e-01,1.020e+01,2.036e+01,2.000e-01,3.000e-01,1.000e-02,1.000e-02,None
SMD,PIN693,1.095e+01,2.082e+01,2.000e-01,1.095e+01,2.082e+01,2.000e-01,3.000e-01,1.000e-02,1.000e-02,None
SMD,PIN694,1.026e+01,2.122e+01,2.000e-01,1.026e+01,2.122e+01,2.000e-01,3.000e-01,1.000e-02,1.000e-02,None
SMD,PIN695,9.519e+00,2.123e+01,2.000e-01,9.519e+00,2.123e+01,2.000e-01,3.000e-01,1.000e-02,1.000e-02,None
SMD,PIN696,-1.751e+01,2.134e+01,2.000e-01,-1.751e+01,2.134e+01,2.000e-01,3.000e-01,1.000e-02,1.000e-02,None
SMD,PIN697,1.812e+01,-2.103e+01,2.000e-01,1.812e+01,-2.103e+01,2.000e-01,3.000e-01,1.000e-02,1.000e-02,None
*Layer,PackageWarpage,Defined
Location,0,0
Length,5.005e+01,6.788e+01
Thickness,0.5
MeshGenerationType,Solid,Hexa
MeshPath,PackageMesh
NumberofElementinXDirection,20
NumberofElementinYDirection,20
NumberofElementinThickness,3
MaterialID,2
*Material
Material.txt
*End