*Translation,-10.02890044,-19.96499944,0.0
*Rotation,0
*Mirror,False
*IsTop,False
*Layer,SolderJointWarpage,SolderJointWarped
Location,0,0,0.0
Length,2.049e+01,1.745e+01
Thickness,8.000e-02
MeshGenerationType,Solid,Tetra
MeshPath,PackageMesh
MeshSizeInPlane,0.1
NumberofElementinThickness,5
MaterialID,1
DetailSolder,True
MisalignmentAngle,0,0.0
SurfaceTension,480.0
SMD,PIN1,2.197e+00,3.955e+00,2.000e-01,2.197e+00,3.955e+00,2.000e-01,3.000e-01,0.01,0.01,None
SMD,PIN2,1.848e+00,3.347e+00,2.000e-01,1.848e+00,3.347e+00,2.000e-01,3.000e-01,0.01,0.01,None
SMD,PIN3,1.497e+00,3.955e+00,2.000e-01,1.497e+00,3.955e+00,2.000e-01,3.000e-01,0.01,0.01,None
SMD,PIN4,1.148e+00,3.347e+00,2.000e-01,1.148e+00,3.347e+00,2.000e-01,3.000e-01,0.01,0.01,None
SMD,PIN5,7.973e-01,3.955e+00,2.000e-01,7.973e-01,3.955e+00,2.000e-01,3.000e-01,0.01,0.01,None
SMD,PIN6,4.481e-01,3.347e+00,2.000e-01,4.481e-01,3.347e+00,2.000e-01,3.000e-01,0.01,0.01,None
SMD,PIN7,9.735e-02,3.955e+00,2.000e-01,9.735e-02,3.955e+00,2.000e-01,3.000e-01,0.01,0.01,None
SMD,PIN8,-2.519e-01,3.347e+00,2.000e-01,-2.519e-01,3.347e+00,2.000e-01,3.000e-01,0.01,0.01,None
SMD,PIN9,-6.027e-01,3.955e+00,2.000e-01,-6.027e-01,3.955e+00,2.000e-01,3.000e-01,0.01,0.01,None
SMD,PIN10,-9.518e-01,3.347e+00,2.000e-01,-9.518e-01,3.347e+00,2.000e-01,3.000e-01,0.01,0.01,None
SMD,PIN11,-1.303e+00,3.955e+00,2.000e-01,-1.303e+00,3.955e+00,2.000e-01,3.000e-01,0.01,0.01,None
SMD,PIN12,-1.652e+00,3.347e+00,2.000e-01,-1.652e+00,3.347e+00,2.000e-01,3.000e-01,0.01,0.01,None
SMD,PIN13,-2.003e+00,3.955e+00,2.000e-01,-2.003e+00,3.955e+00,2.000e-01,3.000e-01,0.01,0.01,None
SMD,PIN14,-2.352e+00,3.347e+00,2.000e-01,-2.352e+00,3.347e+00,2.000e-01,3.000e-01,0.01,0.01,None
SMD,PIN15,-2.703e+00,3.955e+00,2.000e-01,-2.703e+00,3.955e+00,2.000e-01,3.000e-01,0.01,0.01,None
SMD,PIN16,-3.052e+00,3.347e+00,2.000e-01,-3.052e+00,3.347e+00,2.000e-01,3.000e-01,0.01,0.01,None
SMD,PIN17,-3.403e+00,3.955e+00,2.000e-01,-3.403e+00,3.955e+00,2.000e-01,3.000e-01,0.01,0.01,None
SMD,PIN18,-3.752e+00,3.347e+00,2.000e-01,-3.752e+00,3.347e+00,2.000e-01,3.000e-01,0.01,0.01,None
SMD,PIN19,-4.103e+00,3.955e+00,2.000e-01,-4.103e+00,3.955e+00,2.000e-01,3.000e-01,0.01,0.01,None
SMD,PIN20,-4.452e+00,3.347e+00,2.000e-01,-4.452e+00,3.347e+00,2.000e-01,3.000e-01,0.01,0.01,None
SMD,PIN21,-4.803e+00,3.955e+00,2.000e-01,-4.803e+00,3.955e+00,2.000e-01,3.000e-01,0.01,0.01,None
SMD,PIN22,-5.152e+00,3.347e+00,2.000e-01,-5.152e+00,3.347e+00,2.000e-01,3.000e-01,0.01,0.01,None
SMD,PIN23,-5.503e+00,3.955e+00,2.000e-01,-5.503e+00,3.955e+00,2.000e-01,3.000e-01,0.01,0.01,None
SMD,PIN24,-5.852e+00,3.347e+00,2.000e-01,-5.852e+00,3.347e+00,2.000e-01,3.000e-01,0.01,0.01,None
SMD,PIN25,-6.203e+00,3.955e+00,2.000e-01,-6.203e+00,3.955e+00,2.000e-01,3.000e-01,0.01,0.01,None
SMD,PIN26,-6.552e+00,3.347e+00,2.000e-01,-6.552e+00,3.347e+00,2.000e-01,3.000e-01,0.01,0.01,None
SMD,PIN27,-6.903e+00,3.955e+00,2.000e-01,-6.903e+00,3.955e+00,2.000e-01,3.000e-01,0.01,0.01,None
SMD,PIN28,-7.252e+00,3.347e+00,2.000e-01,-7.252e+00,3.347e+00,2.000e-01,3.000e-01,0.01,0.01,None
SMD,PIN29,-7.603e+00,3.955e+00,2.000e-01,-7.603e+00,3.955e+00,2.000e-01,3.000e-01,0.01,0.01,None
SMD,PIN30,-7.952e+00,3.347e+00,2.000e-01,-7.952e+00,3.347e+00,2.000e-01,3.000e-01,0.01,0.01,None
SMD,PIN31,-8.303e+00,3.955e+00,2.000e-01,-8.303e+00,3.955e+00,2.000e-01,3.000e-01,0.01,0.01,None
SMD,PIN32,-8.795e+00,3.444e+00,2.000e-01,-8.795e+00,3.444e+00,2.000e-01,3.000e-01,0.01,0.01,None
SMD,PIN33,-9.390e+00,3.069e+00,2.000e-01,-9.390e+00,3.069e+00,2.000e-01,3.000e-01,0.01,0.01,None
SMD,PIN34,-9.679e+00,2.350e+00,2.000e-01,-9.679e+00,2.350e+00,2.000e-01,3.000e-01,0.01,0.01,None
SMD,PIN35,-9.071e+00,2.001e+00,2.000e-01,-9.071e+00,2.001e+00,2.000e-01,3.000e-01,0.01,0.01,None
SMD,PIN36,-9.679e+00,1.650e+00,2.000e-01,-9.679e+00,1.650e+00,2.000e-01,3.000e-01,0.01,0.01,None
SMD,PIN37,-8.370e+00,1.423e+00,2.000e-01,-8.370e+00,1.423e+00,2.000e-01,3.000e-01,0.01,0.01,None
SMD,PIN38,-9.071e+00,1.301e+00,2.000e-01,-9.071e+00,1.301e+00,2.000e-01,3.000e-01,0.01,0.01,None
SMD,PIN39,-9.679e+00,9.500e-01,2.000e-01,-9.679e+00,9.500e-01,2.000e-01,3.000e-01,0.01,0.01,None
SMD,PIN40,-8.370e+00,7.185e-01,2.000e-01,-8.370e+00,7.185e-01,2.000e-01,3.000e-01,0.01,0.01,None
SMD,PIN41,-9.071e+00,6.008e-01,2.000e-01,-9.071e+00,6.008e-01,2.000e-01,3.000e-01,0.01,0.01,None
SMD,PIN42,-9.679e+00,2.500e-01,2.000e-01,-9.679e+00,2.500e-01,2.000e-01,3.000e-01,0.01,0.01,None
SMD,PIN43,-8.500e+00,-2.315e-01,2.000e-01,-8.500e+00,-2.315e-01,2.000e-01,3.000e-01,0.01,0.01,None
SMD,PIN44,-9.679e+00,-4.500e-01,2.000e-01,-9.679e+00,-4.500e-01,2.000e-01,3.000e-01,0.01,0.01,None
SMD,PIN45,-8.945e+00,-9.415e-01,2.000e-01,-8.945e+00,-9.415e-01,2.000e-01,3.000e-01,0.01,0.01,None
SMD,PIN46,-9.679e+00,-1.150e+00,2.000e-01,-9.679e+00,-1.150e+00,2.000e-01,3.000e-01,0.01,0.01,None
SMD,PIN47,-9.679e+00,-1.850e+00,2.000e-01,-9.679e+00,-1.850e+00,2.000e-01,3.000e-01,0.01,0.01,None
SMD,PIN48,-9.071e+00,-2.203e+00,2.000e-01,-9.071e+00,-2.203e+00,2.000e-01,3.000e-01,0.01,0.01,None
SMD,PIN49,-9.679e+00,-2.550e+00,2.000e-01,-9.679e+00,-2.550e+00,2.000e-01,3.000e-01,0.01,0.01,None
SMD,PIN50,-8.926e+00,-3.007e+00,2.000e-01,-8.926e+00,-3.007e+00,2.000e-01,3.000e-01,0.01,0.01,None
SMD,PIN51,-9.679e+00,-3.250e+00,2.000e-01,-9.679e+00,-3.250e+00,2.000e-01,3.000e-01,0.01,0.01,None
SMD,PIN52,-9.679e+00,-3.950e+00,2.000e-01,-9.679e+00,-3.950e+00,2.000e-01,3.000e-01,0.01,0.01,None
SMD,PIN53,-9.006e+00,-4.183e+00,2.000e-01,-9.006e+00,-4.183e+00,2.000e-01,3.000e-01,0.01,0.01,None
SMD,PIN54,-8.531e+00,-3.662e+00,2.000e-01,-8.531e+00,-3.662e+00,2.000e-01,3.000e-01,0.01,0.01,None
SMD,PIN55,-7.886e+00,-4.168e+00,2.000e-01,-7.886e+00,-4.168e+00,2.000e-01,3.000e-01,0.01,0.01,None
SMD,PIN56,-7.086e+00,-4.393e+00,2.000e-01,-7.086e+00,-4.393e+00,2.000e-01,3.000e-01,0.01,0.01,None
SMD,PIN57,-6.256e+00,-4.408e+00,2.000e-01,-6.256e+00,-4.408e+00,2.000e-01,3.000e-01,0.01,0.01,None
SMD,PIN58,-5.441e+00,-4.505e+00,2.000e-01,-5.441e+00,-4.505e+00,2.000e-01,3.000e-01,0.01,0.01,None
SMD,PIN59,-5.046e+00,-3.920e+00,2.000e-01,-5.046e+00,-3.920e+00,2.000e-01,3.000e-01,0.01,0.01,None
SMD,PIN60,-4.446e+00,-3.560e+00,2.000e-01,-4.446e+00,-3.560e+00,2.000e-01,3.000e-01,0.01,0.01,None
SMD,PIN61,-4.966e+00,-3.090e+00,2.000e-01,-4.966e+00,-3.090e+00,2.000e-01,3.000e-01,0.01,0.01,None
SMD,PIN62,-4.381e+00,-2.700e+00,2.000e-01,-4.381e+00,-2.700e+00,2.000e-01,3.000e-01,0.01,0.01,None
SMD,PIN63,-4.931e+00,-2.260e+00,2.000e-01,-4.931e+00,-2.260e+00,2.000e-01,3.000e-01,0.01,0.01,None
SMD,PIN64,-4.381e+00,-1.790e+00,2.000e-01,-4.381e+00,-1.790e+00,2.000e-01,3.000e-01,0.01,0.01,None
SMD,PIN65,-4.986e+00,-1.425e+00,2.000e-01,-4.986e+00,-1.425e+00,2.000e-01,3.000e-01,0.01,0.01,None
SMD,PIN66,-4.381e+00,-1.065e+00,2.000e-01,-4.381e+00,-1.065e+00,2.000e-01,3.000e-01,0.01,0.01,None
SMD,PIN67,-4.871e+00,-5.550e-01,2.000e-01,-4.871e+00,-5.550e-01,2.000e-01,3.000e-01,0.01,0.01,None
SMD,PIN68,-4.696e+00,1.300e-01,2.000e-01,-4.696e+00,1.300e-01,2.000e-01,3.000e-01,0.01,0.01,None
SMD,PIN69,-5.411e+00,8.500e-02,2.000e-01,-5.411e+00,8.500e-02,2.000e-01,3.000e-01,0.01,0.01,None
SMD,PIN70,-5.561e+00,8.900e-01,2.000e-01,-5.561e+00,8.900e-01,2.000e-01,3.000e-01,0.01,0.01,None
SMD,PIN71,-6.156e+00,4.450e-01,2.000e-01,-6.156e+00,4.450e-01,2.000e-01,3.000e-01,0.01,0.01,None
SMD,PIN72,-6.585e+00,1.038e+00,2.000e-01,-6.585e+00,1.038e+00,2.000e-01,3.000e-01,0.01,0.01,None
SMD,PIN73,-6.995e+00,4.535e-01,2.000e-01,-6.995e+00,4.535e-01,2.000e-01,3.000e-01,0.01,0.01,None
SMD,PIN74,-7.430e+00,1.008e+00,2.000e-01,-7.430e+00,1.008e+00,2.000e-01,3.000e-01,0.01,0.01,None
SMD,PIN75,-7.810e+00,2.785e-01,2.000e-01,-7.810e+00,2.785e-01,2.000e-01,3.000e-01,0.01,0.01,None
SMD,PIN76,-9.679e+00,-4.650e+00,2.000e-01,-9.679e+00,-4.650e+00,2.000e-01,3.000e-01,0.01,0.01,None
SMD,PIN77,-9.679e+00,-5.350e+00,2.000e-01,-9.679e+00,-5.350e+00,2.000e-01,3.000e-01,0.01,0.01,None
SMD,PIN78,-8.959e+00,-5.324e+00,2.000e-01,-8.959e+00,-5.324e+00,2.000e-01,3.000e-01,0.01,0.01,None
SMD,PIN79,-8.451e+00,-4.633e+00,2.000e-01,-8.451e+00,-4.633e+00,2.000e-01,3.000e-01,0.01,0.01,None
SMD,PIN80,-8.259e+00,-5.324e+00,2.000e-01,-8.259e+00,-5.324e+00,2.000e-01,3.000e-01,0.01,0.01,None
SMD,PIN81,-7.559e+00,-5.324e+00,2.000e-01,-7.559e+00,-5.324e+00,2.000e-01,3.000e-01,0.01,0.01,None
SMD,PIN82,-6.859e+00,-5.324e+00,2.000e-01,-6.859e+00,-5.324e+00,2.000e-01,3.000e-01,0.01,0.01,None
SMD,PIN83,-6.159e+00,-5.324e+00,2.000e-01,-6.159e+00,-5.324e+00,2.000e-01,3.000e-01,0.01,0.01,None
SMD,PIN84,-5.459e+00,-5.324e+00,2.000e-01,-5.459e+00,-5.324e+00,2.000e-01,3.000e-01,0.01,0.01,None
SMD,PIN85,-4.759e+00,-5.324e+00,2.000e-01,-4.759e+00,-5.324e+00,2.000e-01,3.000e-01,0.01,0.01,None
SMD,PIN86,-4.410e+00,-4.717e+00,2.000e-01,-4.410e+00,-4.717e+00,2.000e-01,3.000e-01,0.01,0.01,None
SMD,PIN87,-4.059e+00,-5.324e+00,2.000e-01,-4.059e+00,-5.324e+00,2.000e-01,3.000e-01,0.01,0.01,None
SMD,PIN88,-3.710e+00,-4.717e+00,2.000e-01,-3.710e+00,-4.717e+00,2.000e-01,3.000e-01,0.01,0.01,None
SMD,PIN89,-3.359e+00,-5.324e+00,2.000e-01,-3.359e+00,-5.324e+00,2.000e-01,3.000e-01,0.01,0.01,None
SMD,PIN90,-3.010e+00,-4.717e+00,2.000e-01,-3.010e+00,-4.717e+00,2.000e-01,3.000e-01,0.01,0.01,None
SMD,PIN91,-2.659e+00,-5.324e+00,2.000e-01,-2.659e+00,-5.324e+00,2.000e-01,3.000e-01,0.01,0.01,None
SMD,PIN92,-2.310e+00,-4.717e+00,2.000e-01,-2.310e+00,-4.717e+00,2.000e-01,3.000e-01,0.01,0.01,None
SMD,PIN93,-1.959e+00,-5.324e+00,2.000e-01,-1.959e+00,-5.324e+00,2.000e-01,3.000e-01,0.01,0.01,None
SMD,PIN94,-1.610e+00,-4.717e+00,2.000e-01,-1.610e+00,-4.717e+00,2.000e-01,3.000e-01,0.01,0.01,None
SMD,PIN95,-1.259e+00,-5.324e+00,2.000e-01,-1.259e+00,-5.324e+00,2.000e-01,3.000e-01,0.01,0.01,None
SMD,PIN96,-9.097e-01,-4.717e+00,2.000e-01,-9.097e-01,-4.717e+00,2.000e-01,3.000e-01,0.01,0.01,None
SMD,PIN97,-5.589e-01,-5.324e+00,2.000e-01,-5.589e-01,-5.324e+00,2.000e-01,3.000e-01,0.01,0.01,None
SMD,PIN98,-2.098e-01,-4.717e+00,2.000e-01,-2.098e-01,-4.717e+00,2.000e-01,3.000e-01,0.01,0.01,None
SMD,PIN99,1.410e-01,-5.324e+00,2.000e-01,1.410e-01,-5.324e+00,2.000e-01,3.000e-01,0.01,0.01,None
SMD,PIN100,4.903e-01,-4.717e+00,2.000e-01,4.903e-01,-4.717e+00,2.000e-01,3.000e-01,0.01,0.01,None
SMD,PIN101,8.410e-01,-5.324e+00,2.000e-01,8.410e-01,-5.324e+00,2.000e-01,3.000e-01,0.01,0.01,None
SMD,PIN102,1.190e+00,-4.717e+00,2.000e-01,1.190e+00,-4.717e+00,2.000e-01,3.000e-01,0.01,0.01,None
SMD,PIN103,1.541e+00,-5.324e+00,2.000e-01,1.541e+00,-5.324e+00,2.000e-01,3.000e-01,0.01,0.01,None
SMD,PIN104,1.890e+00,-4.717e+00,2.000e-01,1.890e+00,-4.717e+00,2.000e-01,3.000e-01,0.01,0.01,None
SMD,PIN105,2.241e+00,-5.324e+00,2.000e-01,2.241e+00,-5.324e+00,2.000e-01,3.000e-01,0.01,0.01,None
SMD,PIN106,2.590e+00,-4.717e+00,2.000e-01,2.590e+00,-4.717e+00,2.000e-01,3.000e-01,0.01,0.01,None
SMD,PIN107,2.941e+00,-5.324e+00,2.000e-01,2.941e+00,-5.324e+00,2.000e-01,3.000e-01,0.01,0.01,None
SMD,PIN108,3.290e+00,-4.717e+00,2.000e-01,3.290e+00,-4.717e+00,2.000e-01,3.000e-01,0.01,0.01,None
SMD,PIN109,3.641e+00,-5.324e+00,2.000e-01,3.641e+00,-5.324e+00,2.000e-01,3.000e-01,0.01,0.01,None
SMD,PIN110,3.990e+00,-4.717e+00,2.000e-01,3.990e+00,-4.717e+00,2.000e-01,3.000e-01,0.01,0.01,None
SMD,PIN111,4.341e+00,-5.324e+00,2.000e-01,4.341e+00,-5.324e+00,2.000e-01,3.000e-01,0.01,0.01,None
SMD,PIN112,4.690e+00,-4.717e+00,2.000e-01,4.690e+00,-4.717e+00,2.000e-01,3.000e-01,0.01,0.01,None
SMD,PIN113,5.041e+00,-5.324e+00,2.000e-01,5.041e+00,-5.324e+00,2.000e-01,3.000e-01,0.01,0.01,None
SMD,PIN114,5.390e+00,-4.717e+00,2.000e-01,5.390e+00,-4.717e+00,2.000e-01,3.000e-01,0.01,0.01,None
SMD,PIN115,5.741e+00,-5.324e+00,2.000e-01,5.741e+00,-5.324e+00,2.000e-01,3.000e-01,0.01,0.01,None
SMD,PIN116,6.090e+00,-4.717e+00,2.000e-01,6.090e+00,-4.717e+00,2.000e-01,3.000e-01,0.01,0.01,None
SMD,PIN117,6.441e+00,-5.324e+00,2.000e-01,6.441e+00,-5.324e+00,2.000e-01,3.000e-01,0.01,0.01,None
SMD,PIN118,6.790e+00,-4.717e+00,2.000e-01,6.790e+00,-4.717e+00,2.000e-01,3.000e-01,0.01,0.01,None
SMD,PIN119,7.141e+00,-5.324e+00,2.000e-01,7.141e+00,-5.324e+00,2.000e-01,3.000e-01,0.01,0.01,None
SMD,PIN120,7.490e+00,-4.717e+00,2.000e-01,7.490e+00,-4.717e+00,2.000e-01,3.000e-01,0.01,0.01,None
SMD,PIN121,7.841e+00,-5.324e+00,2.000e-01,7.841e+00,-5.324e+00,2.000e-01,3.000e-01,0.01,0.01,None
SMD,PIN122,8.289e+00,-4.655e+00,2.000e-01,8.289e+00,-4.655e+00,2.000e-01,3.000e-01,0.01,0.01,None
SMD,PIN123,8.541e+00,-5.324e+00,2.000e-01,8.541e+00,-5.324e+00,2.000e-01,3.000e-01,0.01,0.01,None
SMD,PIN124,9.174e+00,-4.810e+00,2.000e-01,9.174e+00,-4.810e+00,2.000e-01,3.000e-01,0.01,0.01,None
SMD,PIN125,9.628e+00,-3.910e+00,2.000e-01,9.628e+00,-3.910e+00,2.000e-01,3.000e-01,0.01,0.01,None
SMD,PIN126,9.628e+00,-3.207e+00,2.000e-01,9.628e+00,-3.207e+00,2.000e-01,3.000e-01,0.01,0.01,None
SMD,PIN127,8.979e+00,-3.470e+00,2.000e-01,8.979e+00,-3.470e+00,2.000e-01,3.000e-01,0.01,0.01,None
SMD,PIN128,9.628e+00,-2.507e+00,2.000e-01,9.628e+00,-2.507e+00,2.000e-01,3.000e-01,0.01,0.01,None
SMD,PIN129,8.979e+00,-2.770e+00,2.000e-01,8.979e+00,-2.770e+00,2.000e-01,3.000e-01,0.01,0.01,None
SMD,PIN130,9.628e+00,-1.807e+00,2.000e-01,9.628e+00,-1.807e+00,2.000e-01,3.000e-01,0.01,0.01,None
SMD,PIN131,8.979e+00,-2.070e+00,2.000e-01,8.979e+00,-2.070e+00,2.000e-01,3.000e-01,0.01,0.01,None
SMD,PIN132,9.628e+00,-1.107e+00,2.000e-01,9.628e+00,-1.107e+00,2.000e-01,3.000e-01,0.01,0.01,None
SMD,PIN133,8.979e+00,-1.370e+00,2.000e-01,8.979e+00,-1.370e+00,2.000e-01,3.000e-01,0.01,0.01,None
SMD,PIN134,9.628e+00,-4.073e-01,2.000e-01,9.628e+00,-4.073e-01,2.000e-01,3.000e-01,0.01,0.01,None
SMD,PIN135,8.979e+00,-6.700e-01,2.000e-01,8.979e+00,-6.700e-01,2.000e-01,3.000e-01,0.01,0.01,None
SMD,PIN136,9.628e+00,2.927e-01,2.000e-01,9.628e+00,2.927e-01,2.000e-01,3.000e-01,0.01,0.01,None
SMD,PIN137,8.979e+00,3.000e-02,2.000e-01,8.979e+00,3.000e-02,2.000e-01,3.000e-01,0.01,0.01,None
SMD,PIN138,9.628e+00,1.010e+00,2.000e-01,9.628e+00,1.010e+00,2.000e-01,3.000e-01,0.01,0.01,None
SMD,PIN139,8.979e+00,7.300e-01,2.000e-01,8.979e+00,7.300e-01,2.000e-01,3.000e-01,0.01,0.01,None
SMD,PIN140,8.969e+00,1.430e+00,2.000e-01,8.969e+00,1.430e+00,2.000e-01,3.000e-01,0.01,0.01,None
SMD,PIN141,9.614e+00,1.715e+00,2.000e-01,9.614e+00,1.715e+00,2.000e-01,3.000e-01,0.01,0.01,None
SMD,PIN142,8.504e+00,1.955e+00,2.000e-01,8.504e+00,1.955e+00,2.000e-01,3.000e-01,0.01,0.01,None
SMD,PIN143,7.734e+00,1.955e+00,2.000e-01,7.734e+00,1.955e+00,2.000e-01,3.000e-01,0.01,0.01,None
SMD,PIN144,7.029e+00,2.422e+00,2.000e-01,7.029e+00,2.422e+00,2.000e-01,3.000e-01,0.01,0.01,None
SMD,PIN145,6.564e+00,3.117e+00,2.000e-01,6.564e+00,3.117e+00,2.000e-01,3.000e-01,0.01,0.01,None
SMD,PIN146,6.374e+00,3.922e+00,2.000e-01,6.374e+00,3.922e+00,2.000e-01,3.000e-01,0.01,0.01,None
SMD,PIN147,6.369e+00,4.757e+00,2.000e-01,6.369e+00,4.757e+00,2.000e-01,3.000e-01,0.01,0.01,None
SMD,PIN148,5.684e+00,5.485e+00,2.000e-01,5.684e+00,5.485e+00,2.000e-01,3.000e-01,0.01,0.01,None
SMD,PIN149,5.659e+00,4.775e+00,2.000e-01,5.659e+00,4.775e+00,2.000e-01,3.000e-01,0.01,0.01,None
SMD,PIN150,5.094e+00,4.357e+00,2.000e-01,5.094e+00,4.357e+00,2.000e-01,3.000e-01,0.01,0.01,None
SMD,PIN151,4.864e+00,5.485e+00,2.000e-01,4.864e+00,5.485e+00,2.000e-01,3.000e-01,0.01,0.01,None
SMD,PIN152,4.584e+00,4.838e+00,2.000e-01,4.584e+00,4.838e+00,2.000e-01,3.000e-01,0.01,0.01,None
SMD,PIN153,3.979e+00,4.463e+00,2.000e-01,3.979e+00,4.463e+00,2.000e-01,3.000e-01,0.01,0.01,None
SMD,PIN154,4.044e+00,5.485e+00,2.000e-01,4.044e+00,5.485e+00,2.000e-01,3.000e-01,0.01,0.01,None
SMD,PIN155,3.479e+00,4.955e+00,2.000e-01,3.479e+00,4.955e+00,2.000e-01,3.000e-01,0.01,0.01,None
SMD,PIN156,3.494e+00,3.952e+00,2.000e-01,3.494e+00,3.952e+00,2.000e-01,3.000e-01,0.01,0.01,None
SMD,PIN157,2.904e+00,4.350e+00,2.000e-01,2.904e+00,4.350e+00,2.000e-01,3.000e-01,0.01,0.01,None
SMD,PIN158,2.844e+00,3.627e+00,2.000e-01,2.844e+00,3.627e+00,2.000e-01,3.000e-01,0.01,0.01,None
SMD,PIN159,-8.650e+00,2.689e+00,2.000e-01,-8.650e+00,2.689e+00,2.000e-01,3.000e-01,0.01,0.01,None
SMD,PIN160,8.884e+00,-4.170e+00,2.000e-01,8.884e+00,-4.170e+00,2.000e-01,3.000e-01,0.01,0.01,None
*Layer,PackageWarpage,Defined
Location,0,0
Thickness,5.000e-01
MeshGenerationType,Solid,Hexa
MeshPath,PackageMesh
MeshSizeInPlane,0.1
NumberofElementinXDirection,20
NumberofElementinYDirection,20
NumberofElementinThickness,3
Part,Polynomial,Solid,1
OB 1.024e+01 -4.059e+00 I
OS 8.490e+00 -5.885e+00
OS 8.333e+00 -5.596e+00
OS 9.591e-01 -5.885e+00
OS 9.591e-01 -4.315e+00
OS 7.424e+00 -4.315e+00
OS 8.574e+00 -3.165e+00
OS 7.020e+00 9.370e-01
OS 8.574e+00 9.322e-01
OS 5.470e+00 3.953e+00
OS 6.836e+00 2.917e+00
OS 4.254e+00 3.953e+00
OS 2.156e+00 2.945e+00
OS 3.278e+00 3.723e+00
OS -7.444e+00 2.945e+00
OS -8.124e+00 2.265e+00
OS -7.128e+00 -3.720e+00
OS -8.124e+00 1.965e+00
OS -3.974e+00 -1.611e+00
OS -6.989e+00 -1.261e+00
OS -5.544e+00 -1.608e+00
OS -5.544e+00 -9.050e-01
OS -6.894e+00 -3.855e+00
OS -6.532e+00 -1.842e+00
OS -6.344e+00 -3.855e+00
OS -5.544e+00 -3.055e+00
OS -6.371e+00 -2.707e+00
OS -5.544e+00 -1.632e+00
OS -3.974e+00 -1.636e+00
OS -3.974e+00 -3.055e+00
OS -3.577e+00 -4.315e+00
OS -7.554e+00 -3.396e+00
OS 9.340e-01 -4.315e+00
OS 9.340e-01 -5.885e+00
OS -9.684e+00 -5.885e+00
OS -1.024e+01 -5.325e+00
OS -9.153e+00 1.415e+00
OS -1.024e+01 2.705e+00
OS -1.008e+01 3.101e+00
OS 5.105e-01 1.902e+00
OS -8.842e+00 4.339e+00
OS -8.418e+00 4.515e+00
OS -6.976e+00 2.409e+00
OS 2.066e+00 4.515e+00
OS 3.734e+00 5.885e+00
OS -5.521e+00 1.157e+01
OS 5.807e+00 5.885e+00
OS 6.931e+00 4.887e+00
OS 5.857e+00 9.051e+00
OS 6.931e+00 4.035e+00
OS 1.024e+01 1.210e+00
OS 9.058e+00 3.202e+00
OS 1.024e+01 -4.059e+00
OE
MaterialID,2
*Material
Material.txt
*End