*Layer,SolderJoint
Location,0,0,0
Length,50.04697993880271,67.87829341834555
Thickness,0.1
MeshGenerationType,Solid,Tetra
MeshPath,PackageMesh
MeshSizeInPlane,0.1
NumberofElementinThickness,5
MaterialID,1
SurfaceTension,480.0
Cylinder,9.169250139999999,20.62778958,0.1999996
Cylinder,8.819250839999999,21.23429078,0.1999996
Cylinder,8.819250839999999,20.02129092,0.1999996
Cylinder,8.469249,20.62778958,0.1999996
Cylinder,8.1192497,21.23429078,0.1999996
Cylinder,8.1192497,20.02129092,0.1999996
Cylinder,7.769250399999999,20.62778958,0.1999996
Cylinder,7.419251099999999,21.23429078,0.1999996
Cylinder,7.419251099999999,20.02129092,0.1999996
Cylinder,7.069249259999999,20.62778958,0.1999996
Cylinder,6.719249959999999,21.23429078,0.1999996
Cylinder,6.719249959999999,20.02129092,0.1999996
Cylinder,6.369250659999999,20.62778958,0.1999996
Cylinder,6.01924882,21.23429078,0.1999996
Cylinder,6.01924882,20.02129092,0.1999996
Cylinder,5.66924952,20.62778958,0.1999996
Cylinder,5.31925022,21.23429078,0.1999996
Cylinder,5.31925022,20.02129092,0.1999996
Cylinder,4.9692509199999995,20.62778958,0.1999996
Cylinder,4.6192490799999995,21.23429078,0.1999996
Cylinder,4.6192490799999995,20.02129092,0.1999996
Cylinder,4.26924978,20.62778958,0.1999996
Cylinder,3.9192504799999996,21.23429078,0.1999996
Cylinder,3.9192504799999996,20.02129092,0.1999996
Cylinder,3.5692511799999997,20.62778958,0.1999996
Cylinder,3.2192493399999997,21.23429078,0.1999996
Cylinder,3.2192493399999997,20.02129092,0.1999996
Cylinder,2.86925004,20.62778958,0.1999996
Cylinder,2.51925074,21.23429078,0.1999996
Cylinder,2.51925074,20.02129092,0.1999996
Cylinder,2.1692489,20.62778958,0.1999996
Cylinder,1.8192495999999998,21.23429078,0.1999996
Cylinder,1.8192495999999998,20.02129092,0.1999996
Cylinder,1.4692503,20.62778958,0.1999996
Cylinder,1.119251,21.23429078,0.1999996
Cylinder,1.119251,20.02129092,0.1999996
Cylinder,0.76924916,20.62778958,0.1999996
Cylinder,0.41924986,21.23429078,0.1999996
Cylinder,0.41924986,20.02129092,0.1999996
Cylinder,0.06925055999999999,20.62778958,0.1999996
Cylinder,-0.28074874,21.23429078,0.1999996
Cylinder,-0.28074874,20.02129092,0.1999996
Cylinder,-0.63075058,20.62778958,0.1999996
Cylinder,-0.98074988,21.23429078,0.1999996
Cylinder,-0.98074988,20.02129092,0.1999996
Cylinder,-1.33074918,20.62778958,0.1999996
Cylinder,-1.68075102,21.23429078,0.1999996
Cylinder,-1.68075102,20.02129092,0.1999996
Cylinder,-2.03075032,20.62778958,0.1999996
Cylinder,-2.38074962,21.23429078,0.1999996
Cylinder,-2.38074962,20.02129092,0.1999996
Cylinder,-2.73074892,20.62778958,0.1999996
Cylinder,-3.08075076,21.23429078,0.1999996
Cylinder,-3.08075076,20.02129092,0.1999996
Cylinder,-3.4307500599999994,20.62778958,0.1999996
Cylinder,-3.7807493599999997,21.23429078,0.1999996
Cylinder,-3.7807493599999997,20.02129092,0.1999996
Cylinder,-4.1307512,20.62778958,0.1999996
Cylinder,-4.480750499999999,21.23429078,0.1999996
Cylinder,-4.480750499999999,20.02129092,0.1999996
Cylinder,-4.8307497999999995,20.62778958,0.1999996
Cylinder,-5.1807491,21.23429078,0.1999996
Cylinder,-5.1807491,20.02129092,0.1999996
Cylinder,-5.53075094,20.62778958,0.1999996
Cylinder,-5.880750239999999,21.23429078,0.1999996
Cylinder,-5.880750239999999,20.02129092,0.1999996
Cylinder,-6.23074954,20.62778958,0.1999996
Cylinder,-6.59934926,21.2242908,0.1999996
Cylinder,-6.8694808,20.33999996,0.1999996
Cylinder,-6.44901936,19.60433976,0.1999996
Cylinder,-7.1644789399999995,19.59500018,0.1999996
Cylinder,-6.87447952,18.95499892,0.1999996
Cylinder,-8.0044798,18.84000042,0.1999996
Cylinder,-7.39947974,18.48499986,0.1999996
Cylinder,-8.174479459999999,18.119999319999998,0.1999996
Cylinder,-9.23447988,18.620000859999998,0.1999996
Cylinder,-8.86947934,18.00999954,0.1999996
Cylinder,-10.05448078,18.67499948,0.1999996
Cylinder,-9.574019459999999,18.00683978,0.1999996
Cylinder,-10.274020599999998,18.00683978,0.1999996
Cylinder,-11.5593495,21.95428934,0.1999996
Cylinder,-12.25935064,21.95428934,0.1999996
Cylinder,-12.959349239999998,21.95428934,0.1999996
Cylinder,-13.65935038,21.95428934,0.1999996
Cylinder,-14.35934898,21.95428934,0.1999996
Cylinder,-15.059350119999998,21.95428934,0.1999996
Cylinder,-15.759351259999999,21.95428934,0.1999996
Cylinder,-16.45934986,21.95428934,0.1999996
Cylinder,-17.159350999999997,21.95428934,0.1999996
Cylinder,-17.859349599999998,21.95428934,0.1999996
Cylinder,-11.2093502,21.34429056,0.1999996
Cylinder,-11.9093488,21.34429056,0.1999996
Cylinder,-12.60934994,21.34429056,0.1999996
Cylinder,-13.309351079999999,21.34429056,0.1999996
Cylinder,-14.009349679999998,21.34429056,0.1999996
Cylinder,-14.70935082,21.34429056,0.1999996
Cylinder,-15.40934942,21.34429056,0.1999996
Cylinder,-16.10935056,21.34429056,0.1999996
Cylinder,-16.80934916,21.34429056,0.1999996
Cylinder,-11.5593495,20.73428924,0.1999996
Cylinder,-12.25935064,20.73428924,0.1999996
Cylinder,-12.959349239999998,20.73428924,0.1999996
Cylinder,-13.65935038,20.73428924,0.1999996
Cylinder,-14.35934898,20.73428924,0.1999996
Cylinder,-15.059350119999998,20.73428924,0.1999996
Cylinder,-15.759351259999999,20.73428924,0.1999996
Cylinder,-16.45934986,20.73428924,0.1999996
Cylinder,-17.159350999999997,20.73428924,0.1999996
Cylinder,-17.859349599999998,20.73428924,0.1999996
Cylinder,-11.2093502,20.12429046,0.1999996
Cylinder,-11.9093488,20.12429046,0.1999996
Cylinder,-12.60934994,20.12429046,0.1999996
Cylinder,-13.309351079999999,20.12429046,0.1999996
Cylinder,-14.009349679999998,20.12429046,0.1999996
Cylinder,-14.70935082,20.12429046,0.1999996
Cylinder,-15.40934942,20.12429046,0.1999996
Cylinder,-16.80967936,20.124239659999997,0.1999996
Cylinder,-17.509680499999998,20.124239659999997,0.1999996
Cylinder,-11.5593495,19.51428914,0.1999996
Cylinder,-12.25935064,19.51428914,0.1999996
Cylinder,-12.959349239999998,19.51428914,0.1999996
Cylinder,-13.65935038,19.51428914,0.1999996
Cylinder,-14.35934898,19.51428914,0.1999996
Cylinder,-10.814479259999999,18.69000072,0.1999996
Cylinder,-11.51435086,18.77928934,0.1999996
Cylinder,-12.21434946,18.77928934,0.1999996
Cylinder,-12.914350599999999,18.77928934,0.1999996
Cylinder,-13.612649939999999,18.72429072,0.1999996
Cylinder,-10.974019199999999,18.00683978,0.1999996
Cylinder,-11.674020339999998,18.00683978,0.1999996
Cylinder,-12.37401894,18.00683978,0.1999996
Cylinder,-13.074020079999999,18.00683978,0.1999996
Cylinder,-14.309349079999999,18.804290560000002,0.1999996
Cylinder,-14.114350739999999,17.994289639999998,0.1999996
Cylinder,-14.174350619999998,17.144288799999998,0.1999996
Cylinder,-14.554349859999999,16.394290299999998,0.1999996
Cylinder,-15.19435112,15.8592901,0.1999996
Cylinder,-15.979350819999999,15.664289219999999,0.1999996
Cylinder,-16.80934916,15.779290259999998,0.1999996
Cylinder,-18.14934902,19.44428928,0.1999996
Cylinder,-18.379351099999997,18.64429088,0.1999996
Cylinder,-18.50434958,17.82428998,0.1999996
Cylinder,-18.30935124,17.01428906,0.1999996
Cylinder,-17.97934936,16.23928934,0.1999996
Cylinder,-16.6243508,15.10429034,0.1999996
Cylinder,-17.33434938,15.054290439999999,0.1999996
Cylinder,-17.95904968,15.399291019999998,0.1999996
Cylinder,-17.95904968,14.69928988,0.1999996
Cylinder,-17.35255102,14.349290579999998,0.1999996
Cylinder,-17.95904968,13.999288739999997,0.1999996
Cylinder,-17.35255102,13.649289439999999,0.1999996
Cylinder,-17.95904968,13.299290139999998,0.1999996
Cylinder,-17.35255102,12.94929084,0.1999996
Cylinder,-17.95904968,12.599288999999999,0.1999996
Cylinder,-17.35255102,12.2492897,0.1999996
Cylinder,-17.95904968,11.8992904,0.1999996
Cylinder,-17.35255102,11.5492911,0.1999996
Cylinder,-17.95904968,11.199289259999999,0.1999996
Cylinder,-17.0593512,10.83928998,0.1999996
Cylinder,-17.72435114,10.53929058,0.1999996
Cylinder,-16.77448004,10.17500124,0.1999996
Cylinder,-17.36654896,9.790790679999999,0.1999996
Cylinder,-16.760050299999996,9.44078884,0.1999996
Cylinder,-17.36654896,9.09078954,0.1999996
Cylinder,-16.760050299999996,8.740790239999999,0.1999996
Cylinder,-17.36654896,8.390790939999999,0.1999996
Cylinder,-16.760050299999996,8.0407891,0.1999996
Cylinder,-17.36654896,7.690789799999999,0.1999996
Cylinder,-16.760050299999996,7.340790499999999,0.1999996
Cylinder,-17.36654896,6.9907911999999985,0.1999996
Cylinder,-16.760050299999996,6.64078936,0.1999996
Cylinder,-17.36654896,6.29079006,0.1999996
Cylinder,-16.760050299999996,5.94079076,0.1999996
Cylinder,-17.36654896,5.59078892,0.1999996
Cylinder,-16.760050299999996,5.240789619999999,0.1999996
Cylinder,-17.36654896,4.89079032,0.1999996
Cylinder,-16.760050299999996,4.5407910199999995,0.1999996
Cylinder,-17.36654896,4.1907891799999994,0.1999996
Cylinder,-16.864350319999996,3.6642903600000003,0.1999996
Cylinder,-17.6093501,3.3592896999999997,0.1999996
Cylinder,-17.03434998,2.94929052,0.1999996
Cylinder,-18.12034984,2.75579078,0.1999996
Cylinder,-17.51385118,2.40578894,0.1999996
Cylinder,-18.72685104,2.40578894,0.1999996
Cylinder,-18.12034984,2.05578964,0.1999996
Cylinder,-17.51385118,1.7057903399999998,0.1999996
Cylinder,-18.72685104,1.7057903399999998,0.1999996
Cylinder,-18.12034984,1.35579104,0.1999996
Cylinder,-17.51385118,1.0057892,0.1999996
Cylinder,-18.72685104,1.0057892,0.1999996
Cylinder,-18.12034984,0.6557899,0.1999996
Cylinder,-17.51385118,0.30579059999999997,0.1999996
Cylinder,-18.72685104,0.30579059999999997,0.1999996
Cylinder,-18.12034984,-0.04421123999999999,0.1999996
Cylinder,-17.51385118,-0.39421054,0.1999996
Cylinder,-18.72685104,-0.39421054,0.1999996
Cylinder,-18.12034984,-0.7442098399999999,0.1999996
Cylinder,-17.51385118,-1.09420914,0.1999996
Cylinder,-18.72685104,-1.09420914,0.1999996
Cylinder,-18.12034984,-1.4442109799999998,0.1999996
Cylinder,-17.51385118,-1.79421028,0.1999996
Cylinder,-18.72685104,-1.79421028,0.1999996
Cylinder,-18.12034984,-2.1442095799999996,0.1999996
Cylinder,-17.51385118,-2.49420888,0.1999996
Cylinder,-18.72685104,-2.49420888,0.1999996
Cylinder,-18.12034984,-2.84421072,0.1999996
Cylinder,-17.51385118,-3.1942100199999994,0.1999996
Cylinder,-18.72685104,-3.1942100199999994,0.1999996
Cylinder,-18.12034984,-3.5442093199999993,0.1999996
Cylinder,-17.51385118,-3.8942111599999993,0.1999996
Cylinder,-18.72685104,-3.8942111599999993,0.1999996
Cylinder,-18.12034984,-4.24421046,0.1999996
Cylinder,-17.51385118,-4.594209759999999,0.1999996
Cylinder,-18.72685104,-4.594209759999999,0.1999996
Cylinder,-18.12034984,-4.9442090599999995,0.1999996
Cylinder,-17.51385118,-5.2942108999999995,0.1999996
Cylinder,-18.72685104,-5.2942108999999995,0.1999996
Cylinder,-18.12034984,-5.6442102,0.1999996
Cylinder,-17.51385118,-5.994209499999999,0.1999996
Cylinder,-18.72685104,-5.994209499999999,0.1999996
Cylinder,-18.12034984,-6.3442088,0.1999996
Cylinder,-17.51385118,-6.69421064,0.1999996
Cylinder,-18.72685104,-6.69421064,0.1999996
Cylinder,-18.12034984,-7.044209939999999,0.1999996
Cylinder,-17.51385118,-7.3942092399999995,0.1999996
Cylinder,-18.72685104,-7.3942092399999995,0.1999996
Cylinder,-18.12034984,-7.7442110799999995,0.1999996
Cylinder,-17.51385118,-8.09421038,0.1999996
Cylinder,-18.72685104,-8.09421038,0.1999996
Cylinder,-18.12034984,-8.44420968,0.1999996
Cylinder,-17.51385118,-8.794208979999999,0.1999996
Cylinder,-18.72685104,-8.794208979999999,0.1999996
Cylinder,-18.12034984,-9.14421082,0.1999996
Cylinder,-17.51385118,-9.49421012,0.1999996
Cylinder,-18.72685104,-9.49421012,0.1999996
Cylinder,-18.12034984,-9.84420942,0.1999996
Cylinder,-17.51385118,-10.19421126,0.1999996
Cylinder,-18.72685104,-10.19421126,0.1999996
Cylinder,-18.12034984,-10.54421056,0.1999996
Cylinder,-17.51385118,-10.89420986,0.1999996
Cylinder,-18.72685104,-10.89420986,0.1999996
Cylinder,-18.12034984,-11.244209159999999,0.1999996
Cylinder,-17.51385118,-11.594211,0.1999996
Cylinder,-18.72685104,-11.594211,0.1999996
Cylinder,-18.12034984,-11.9442103,0.1999996
Cylinder,-17.51385118,-12.2942096,0.1999996
Cylinder,-18.72685104,-12.2942096,0.1999996
Cylinder,-18.12034984,-12.644208899999999,0.1999996
Cylinder,-17.51385118,-12.994210739999998,0.1999996
Cylinder,-18.73035116,-13.002209199999998,0.1999996
Cylinder,-17.673850859999998,-13.74621076,0.1999996
Cylinder,-18.886850719999998,-13.74621076,0.1999996
Cylinder,-18.280349519999998,-14.096210059999999,0.1999996
Cylinder,-17.5093503,-14.530710079999999,0.1999996
Cylinder,-18.886850719999998,-14.446209360000001,0.1999996
Cylinder,-18.280349519999998,-14.7962112,0.1999996
Cylinder,-17.5093503,-15.230711219999998,0.1999996
Cylinder,-18.886850719999998,-15.146210499999999,0.1999996
Cylinder,-18.280349519999998,-15.4962098,0.1999996
Cylinder,-17.5093503,-15.930709819999999,0.1999996
Cylinder,-18.886850719999998,-15.8462091,0.1999996
Cylinder,-18.280349519999998,-16.19621094,0.1999996
Cylinder,-17.5093503,-16.63071096,0.1999996
Cylinder,-18.886850719999998,-16.54621024,0.1999996
Cylinder,-18.280349519999998,-16.896209539999997,0.1999996
Cylinder,-17.31935068,-17.36571076,0.1999996
Cylinder,-18.886850719999998,-17.24620884,0.1999996
Cylinder,-18.004350579999997,-17.545710399999997,0.1999996
Cylinder,-17.43935044,-18.06071064,0.1999996
Cylinder,-18.624478879999998,-17.905001019999997,0.1999996
Cylinder,-16.6243508,-17.26571096,0.1999996
Cylinder,-16.5393497,-17.96570956,0.1999996
Cylinder,-15.944349619999999,-17.445710599999998,0.1999996
Cylinder,-15.74435002,-18.20570908,0.1999996
Cylinder,-15.27934968,-17.67070888,0.1999996
Cylinder,-14.729350779999999,-18.11570926,0.1999996
Cylinder,-15.094348779999999,-18.725710579999998,0.1999996
Cylinder,-14.3343503,-18.695710639999998,0.1999996
Cylinder,-14.68935086,-19.4507104,0.1999996
Cylinder,-13.9993497,-19.3157094,0.1999996
Cylinder,-14.589351059999998,-20.27571002,0.1999996
Cylinder,-13.93934982,-20.01571054,0.1999996
Cylinder,-14.72447906,-21.11499968,0.1999996
Cylinder,-14.22435052,-21.7907108,0.1999996
Cylinder,-13.867150319999999,-21.1842096,0.1999996
Cylinder,-13.51715102,-20.57771094,0.1999996
Cylinder,-13.51715102,-21.7907108,0.1999996
Cylinder,-13.16714918,-21.1842096,0.1999996
Cylinder,-12.817149879999999,-20.57771094,0.1999996
Cylinder,-12.817149879999999,-21.7907108,0.1999996
Cylinder,-12.46715058,-21.1842096,0.1999996
Cylinder,-12.11714874,-20.57771094,0.1999996
Cylinder,-12.11714874,-21.7907108,0.1999996
Cylinder,-11.767149439999999,-21.1842096,0.1999996
Cylinder,-11.41715014,-20.57771094,0.1999996
Cylinder,-11.41715014,-21.7907108,0.1999996
Cylinder,-11.06715084,-21.1842096,0.1999996
Cylinder,-10.717149,-20.57771094,0.1999996
Cylinder,-10.717149,-21.7907108,0.1999996
Cylinder,-10.367149699999999,-21.1842096,0.1999996
Cylinder,-10.0171504,-20.57771094,0.1999996
Cylinder,-10.0171504,-21.7907108,0.1999996
Cylinder,-9.6671511,-21.1842096,0.1999996
Cylinder,-9.317149259999999,-20.57771094,0.1999996
Cylinder,-9.317149259999999,-21.7907108,0.1999996
Cylinder,-8.967149959999999,-21.1842096,0.1999996
Cylinder,-8.61715066,-20.57771094,0.1999996
Cylinder,-8.61715066,-21.7907108,0.1999996
Cylinder,-8.26714882,-21.1842096,0.1999996
Cylinder,-7.91714952,-20.57771094,0.1999996
Cylinder,-7.91714952,-21.7907108,0.1999996
Cylinder,-7.567150219999999,-21.1842096,0.1999996
Cylinder,-7.21715092,-20.57771094,0.1999996
Cylinder,-7.21715092,-21.7907108,0.1999996
Cylinder,-6.86714908,-21.1842096,0.1999996
Cylinder,-6.51714978,-20.57771094,0.1999996
Cylinder,-6.51714978,-21.7907108,0.1999996
Cylinder,-6.167150479999999,-21.1842096,0.1999996
Cylinder,-5.81715118,-20.57771094,0.1999996
Cylinder,-5.81715118,-21.7907108,0.1999996
Cylinder,-5.46714934,-21.1842096,0.1999996
Cylinder,-5.117150039999999,-20.57771094,0.1999996
Cylinder,-5.117150039999999,-21.7907108,0.1999996
Cylinder,-4.76715074,-21.1842096,0.1999996
Cylinder,-4.417148899999999,-20.57771094,0.1999996
Cylinder,-4.417148899999999,-21.7907108,0.1999996
Cylinder,-4.0671496,-21.1842096,0.1999996
Cylinder,-3.7171502999999997,-20.57771094,0.1999996
Cylinder,-3.7171502999999997,-21.7907108,0.1999996
Cylinder,-3.3671509999999993,-21.1842096,0.1999996
Cylinder,-3.0171491599999998,-20.57771094,0.1999996
Cylinder,-3.0171491599999998,-21.7907108,0.1999996
Cylinder,-2.66714986,-21.1842096,0.1999996
Cylinder,-2.31715056,-20.57771094,0.1999996
Cylinder,-2.31715056,-21.7907108,0.1999996
Cylinder,-1.9671512599999998,-21.1842096,0.1999996
Cylinder,-1.6171494199999998,-20.57771094,0.1999996
Cylinder,-1.6171494199999998,-21.7907108,0.1999996
Cylinder,-1.26715012,-21.1842096,0.1999996
Cylinder,-0.91715082,-20.57771094,0.1999996
Cylinder,-0.91715082,-21.7907108,0.1999996
Cylinder,-0.5671489799999999,-21.1842096,0.1999996
Cylinder,-0.21714967999999998,-20.57771094,0.1999996
Cylinder,-0.21714967999999998,-21.7907108,0.1999996
Cylinder,0.13284962,-21.1842096,0.1999996
Cylinder,0.48284891999999996,-20.57771094,0.1999996
Cylinder,0.48284891999999996,-21.7907108,0.1999996
Cylinder,0.83285076,-21.1842096,0.1999996
Cylinder,1.18285006,-20.57771094,0.1999996
Cylinder,1.18285006,-21.7907108,0.1999996
Cylinder,1.53284936,-21.1842096,0.1999996
Cylinder,1.8828512,-20.57771094,0.1999996
Cylinder,1.8828512,-21.7907108,0.1999996
Cylinder,2.2328505,-21.1842096,0.1999996
Cylinder,2.5828498,-20.57771094,0.1999996
Cylinder,2.5828498,-21.7907108,0.1999996
Cylinder,2.9328491,-21.1842096,0.1999996
Cylinder,3.28285094,-20.57771094,0.1999996
Cylinder,3.28285094,-21.7907108,0.1999996
Cylinder,3.63285024,-21.1842096,0.1999996
Cylinder,3.9828495399999997,-20.57771094,0.1999996
Cylinder,3.9828495399999997,-21.7907108,0.1999996
Cylinder,4.33284884,-21.1842096,0.1999996
Cylinder,4.68285068,-20.57771094,0.1999996
Cylinder,4.68285068,-21.7907108,0.1999996
Cylinder,5.03284998,-21.1842096,0.1999996
Cylinder,5.38284928,-20.57771094,0.1999996
Cylinder,5.38284928,-21.7907108,0.1999996
Cylinder,5.73285112,-21.1842096,0.1999996
Cylinder,6.08285042,-20.57771094,0.1999996
Cylinder,6.08285042,-21.7907108,0.1999996
Cylinder,6.432849719999999,-21.1842096,0.1999996
Cylinder,6.78284902,-20.57771094,0.1999996
Cylinder,6.78284902,-21.7907108,0.1999996
Cylinder,7.13285086,-21.1842096,0.1999996
Cylinder,7.482850159999999,-20.57771094,0.1999996
Cylinder,7.482850159999999,-21.7907108,0.1999996
Cylinder,7.832849459999999,-21.1842096,0.1999996
Cylinder,8.182848759999999,-20.57771094,0.1999996
Cylinder,8.182848759999999,-21.7907108,0.1999996
Cylinder,8.5328506,-21.1842096,0.1999996
Cylinder,8.8828499,-20.57771094,0.1999996
Cylinder,8.8828499,-21.7907108,0.1999996
Cylinder,9.232849199999999,-21.1842096,0.1999996
Cylinder,9.58285104,-20.57771094,0.1999996
Cylinder,9.58285104,-21.7907108,0.1999996
Cylinder,9.93285034,-21.1842096,0.1999996
Cylinder,10.282849639999998,-20.57771094,0.1999996
Cylinder,10.282849639999998,-21.7907108,0.1999996
Cylinder,10.632848939999999,-21.1842096,0.1999996
Cylinder,10.98285078,-20.57771094,0.1999996
Cylinder,10.98285078,-21.7907108,0.1999996
Cylinder,11.33285008,-21.1842096,0.1999996
Cylinder,11.682849379999999,-20.57771094,0.1999996
Cylinder,11.682849379999999,-21.7907108,0.1999996
Cylinder,12.03285122,-21.1842096,0.1999996
Cylinder,12.38285052,-20.57771094,0.1999996
Cylinder,12.38285052,-21.7907108,0.1999996
Cylinder,12.73284982,-21.1842096,0.1999996
Cylinder,13.082849119999999,-20.57771094,0.1999996
Cylinder,13.082849119999999,-21.7907108,0.1999996
Cylinder,13.43285096,-21.1842096,0.1999996
Cylinder,13.782850259999998,-20.57771094,0.1999996
Cylinder,13.782850259999998,-21.7907108,0.1999996
Cylinder,14.132849559999999,-21.1842096,0.1999996
Cylinder,14.482848859999997,-20.57771094,0.1999996
Cylinder,14.482848859999997,-21.7907108,0.1999996
Cylinder,14.832850699999998,-21.1842096,0.1999996
Cylinder,15.182849999999998,-20.57771094,0.1999996
Cylinder,15.182849999999998,-21.7907108,0.1999996
Cylinder,15.532849299999997,-21.1842096,0.1999996
Cylinder,15.882851139999998,-21.7907108,0.1999996
Cylinder,16.23285044,-21.1842096,0.1999996
Cylinder,16.582849739999997,-21.7907108,0.1999996
Cylinder,16.93284904,-21.1842096,0.1999996
Cylinder,17.282850879999998,-21.7907108,0.1999996
Cylinder,17.9856511,-21.7907108,0.1999996
Cylinder,18.723449979999998,-21.377010839999997,0.1999996
Cylinder,18.723449979999998,-20.6770097,0.1999996
Cylinder,17.48065084,-20.69471096,0.1999996
Cylinder,18.116948779999998,-20.3270104,0.1999996
Cylinder,18.723449979999998,-19.9770111,0.1999996
Cylinder,17.510450119999998,-19.9770111,0.1999996
Cylinder,18.116948779999998,-19.62700926,0.1999996
Cylinder,18.723449979999998,-19.277009959999997,0.1999996
Cylinder,17.510450119999998,-19.277009959999997,0.1999996
Cylinder,18.116948779999998,-18.92701066,0.1999996
Cylinder,18.723449979999998,-18.57700882,0.1999996
Cylinder,17.510450119999998,-18.57700882,0.1999996
Cylinder,18.116948779999998,-18.22700952,0.1999996
Cylinder,18.723449979999998,-17.87701022,0.1999996
Cylinder,17.510450119999998,-17.87701022,0.1999996
Cylinder,18.116948779999998,-17.52701092,0.1999996
Cylinder,18.723449979999998,-17.177009079999998,0.1999996
Cylinder,17.510450119999998,-17.177009079999998,0.1999996
Cylinder,18.116948779999998,-16.82700978,0.1999996
Cylinder,18.723449979999998,-16.477010479999997,0.1999996
Cylinder,17.510450119999998,-16.477010479999997,0.1999996
Cylinder,18.116948779999998,-16.12701118,0.1999996
Cylinder,18.723449979999998,-15.77700934,0.1999996
Cylinder,17.510450119999998,-15.77700934,0.1999996
Cylinder,18.116948779999998,-15.427010039999999,0.1999996
Cylinder,18.723449979999998,-15.07701074,0.1999996
Cylinder,18.12785046,-14.61571118,0.1999996
Cylinder,17.427849319999996,-14.61571118,0.1999996
Cylinder,17.07785002,-15.22220984,0.1999996
Cylinder,16.69755106,-14.61571118,0.1999996
Cylinder,16.69755106,-15.82871104,0.1999996
Cylinder,16.34754922,-15.22220984,0.1999996
Cylinder,15.997549919999997,-14.61571118,0.1999996
Cylinder,15.997549919999997,-15.82871104,0.1999996
Cylinder,15.647550619999999,-15.22220984,0.1999996
Cylinder,15.29754878,-14.61571118,0.1999996
Cylinder,15.29754878,-15.82871104,0.1999996
Cylinder,14.947549479999998,-15.22220984,0.1999996
Cylinder,14.597550179999999,-14.61571118,0.1999996
Cylinder,14.597550179999999,-15.82871104,0.1999996
Cylinder,14.247550879999999,-15.22220984,0.1999996
Cylinder,13.897549039999998,-14.61571118,0.1999996
Cylinder,13.897549039999998,-15.82871104,0.1999996
Cylinder,13.54754974,-15.22220984,0.1999996
Cylinder,13.197550439999999,-14.61571118,0.1999996
Cylinder,13.197550439999999,-15.82871104,0.1999996
Cylinder,12.84755114,-15.22220984,0.1999996
Cylinder,12.4975493,-14.61571118,0.1999996
Cylinder,12.4975493,-15.82871104,0.1999996
Cylinder,12.147549999999999,-15.22220984,0.1999996
Cylinder,11.7975507,-14.61571118,0.1999996
Cylinder,11.7975507,-15.82871104,0.1999996
Cylinder,11.44754886,-15.22220984,0.1999996
Cylinder,11.09754956,-14.61571118,0.1999996
Cylinder,11.09754956,-15.82871104,0.1999996
Cylinder,10.747550259999999,-15.22220984,0.1999996
Cylinder,10.39755096,-14.61571118,0.1999996
Cylinder,10.39755096,-15.82871104,0.1999996
Cylinder,10.04754912,-15.22220984,0.1999996
Cylinder,9.697549819999999,-14.61571118,0.1999996
Cylinder,9.697549819999999,-15.82871104,0.1999996
Cylinder,9.347550519999999,-15.22220984,0.1999996
Cylinder,8.99755122,-14.61571118,0.1999996
Cylinder,8.99755122,-15.82871104,0.1999996
Cylinder,8.64754938,-15.22220984,0.1999996
Cylinder,8.297550079999999,-14.61571118,0.1999996
Cylinder,8.297550079999999,-15.82871104,0.1999996
Cylinder,7.947550779999999,-15.22220984,0.1999996
Cylinder,7.597548939999999,-14.61571118,0.1999996
Cylinder,7.597548939999999,-15.82871104,0.1999996
Cylinder,7.24754964,-15.22220984,0.1999996
Cylinder,6.89755034,-14.61571118,0.1999996
Cylinder,6.89755034,-15.82871104,0.1999996
Cylinder,6.547551039999999,-15.22220984,0.1999996
Cylinder,6.197549199999999,-14.61571118,0.1999996
Cylinder,6.197549199999999,-15.82871104,0.1999996
Cylinder,5.8475499,-15.22220984,0.1999996
Cylinder,5.497550599999999,-14.61571118,0.1999996
Cylinder,5.497550599999999,-15.82871104,0.1999996
Cylinder,5.147548759999999,-15.22220984,0.1999996
Cylinder,4.797549459999999,-14.61571118,0.1999996
Cylinder,4.797549459999999,-15.82871104,0.1999996
Cylinder,4.44755016,-15.22220984,0.1999996
Cylinder,4.097550859999999,-14.61571118,0.1999996
Cylinder,4.06551892,-15.809998859999999,0.1999996
Cylinder,3.7105209,-15.204998799999998,0.1999996
Cylinder,3.06552092,-15.47999952,0.1999996
Cylinder,3.4459494199999994,-14.06071102,0.1999996
Cylinder,3.13565032,-14.705710999999997,0.1999996
Cylinder,2.4955195199999998,-15.050000379999998,0.1999996
Cylinder,2.6556487399999997,-14.030711080000001,0.1999996
Cylinder,2.08065116,-14.480710179999999,0.1999996
Cylinder,1.80064918,-13.830708939999997,0.1999996
Cylinder,2.31964992,-13.339310379999999,0.1999996
Cylinder,2.9261511199999997,-12.98931108,0.1999996
Cylinder,1.71315126,-12.98931108,0.1999996
Cylinder,2.31964992,-12.63930924,0.1999996
Cylinder,2.9261511199999997,-12.289309939999999,0.1999996
Cylinder,1.71315126,-12.289309939999999,0.1999996
Cylinder,2.31964992,-11.93931064,0.1999996
Cylinder,2.9261511199999997,-11.5893088,0.1999996
Cylinder,1.71315126,-11.5893088,0.1999996
Cylinder,2.31964992,-11.2393095,0.1999996
Cylinder,2.9261511199999997,-10.889310199999999,0.1999996
Cylinder,1.71315126,-10.889310199999999,0.1999996
Cylinder,2.31964992,-10.5393109,0.1999996
Cylinder,2.9261511199999997,-10.18930906,0.1999996
Cylinder,1.71315126,-10.18930906,0.1999996
Cylinder,2.31964992,-9.839309759999999,0.1999996
Cylinder,2.9261511199999997,-9.48931046,0.1999996
Cylinder,1.71315126,-9.48931046,0.1999996
Cylinder,2.31964992,-9.13931116,0.1999996
Cylinder,2.9261511199999997,-8.78930932,0.1999996
Cylinder,1.71315126,-8.78930932,0.1999996
Cylinder,2.31964992,-8.439310019999999,0.1999996
Cylinder,2.9261511199999997,-8.08931072,0.1999996
Cylinder,1.71315126,-8.08931072,0.1999996
Cylinder,2.31964992,-7.739308879999999,0.1999996
Cylinder,2.9261511199999997,-7.38930958,0.1999996
Cylinder,1.71315126,-7.38930958,0.1999996
Cylinder,2.31964992,-7.03931028,0.1999996
Cylinder,2.9261511199999997,-6.689310979999999,0.1999996
Cylinder,1.71315126,-6.689310979999999,0.1999996
Cylinder,2.31964992,-6.339309139999999,0.1999996
Cylinder,2.9261511199999997,-5.98930984,0.1999996
Cylinder,1.71315126,-5.98930984,0.1999996
Cylinder,2.31964992,-5.639310539999999,0.1999996
Cylinder,2.9261511199999997,-5.28931124,0.1999996
Cylinder,1.71315126,-5.28931124,0.1999996
Cylinder,2.31964992,-4.9393094,0.1999996
Cylinder,2.9261511199999997,-4.5893101,0.1999996
Cylinder,1.71315126,-4.5893101,0.1999996
Cylinder,2.31964992,-4.239310799999999,0.1999996
Cylinder,2.9261511199999997,-3.8893089599999997,0.1999996
Cylinder,1.71315126,-3.8893089599999997,0.1999996
Cylinder,2.31964992,-3.53930966,0.1999996
Cylinder,2.9261511199999997,-3.1893103599999995,0.1999996
Cylinder,1.71315126,-3.1893103599999995,0.1999996
Cylinder,2.31964992,-2.83931106,0.1999996
Cylinder,2.9261511199999997,-2.48930922,0.1999996
Cylinder,1.71315126,-2.48930922,0.1999996
Cylinder,2.31964992,-2.13930992,0.1999996
Cylinder,2.9261511199999997,-1.78931062,0.1999996
Cylinder,1.71315126,-1.78931062,0.1999996
Cylinder,2.31964992,-1.43930878,0.1999996
Cylinder,2.9261511199999997,-1.0893094799999998,0.1999996
Cylinder,1.71315126,-1.0893094799999998,0.1999996
Cylinder,2.31964992,-0.7393101799999999,0.1999996
Cylinder,2.9261511199999997,-0.38931087999999997,0.1999996
Cylinder,1.71315126,-0.38931087999999997,0.1999996
Cylinder,2.31964992,-0.03930904,0.1999996
Cylinder,2.9261511199999997,0.31069026,0.1999996
Cylinder,1.71315126,0.31069026,0.1999996
Cylinder,2.31964992,0.66068956,0.1999996
Cylinder,2.9261511199999997,1.01068886,0.1999996
Cylinder,1.71315126,1.01068886,0.1999996
Cylinder,2.31964992,1.3606907,0.1999996
Cylinder,2.9261511199999997,1.7106899999999998,0.1999996
Cylinder,1.71315126,1.7106899999999998,0.1999996
Cylinder,2.31964992,2.0606892999999995,0.1999996
Cylinder,2.9261511199999997,2.41069114,0.1999996
Cylinder,1.71315126,2.41069114,0.1999996
Cylinder,2.31964992,2.76069044,0.1999996
Cylinder,2.9261511199999997,3.1106897399999998,0.1999996
Cylinder,1.71315126,3.1106897399999998,0.1999996
Cylinder,2.31964992,3.4606890399999997,0.1999996
Cylinder,2.9261511199999997,3.8106908799999997,0.1999996
Cylinder,1.71315126,3.8106908799999997,0.1999996
Cylinder,2.31964992,4.16069018,0.1999996
Cylinder,2.9261511199999997,4.51068948,0.1999996
Cylinder,1.71315126,4.51068948,0.1999996
Cylinder,2.31964992,4.860688779999999,0.1999996
Cylinder,2.9261511199999997,5.210690619999999,0.1999996
Cylinder,1.71315126,5.210690619999999,0.1999996
Cylinder,2.31964992,5.56068992,0.1999996
Cylinder,2.9261511199999997,5.91068922,0.1999996
Cylinder,1.71315126,5.91068922,0.1999996
Cylinder,2.31964992,6.26069106,0.1999996
Cylinder,2.9261511199999997,6.610690359999999,0.1999996
Cylinder,1.71315126,6.610690359999999,0.1999996
Cylinder,3.3205191399999996,7.34000056,0.1999996
Cylinder,2.58065016,7.234290839999999,0.1999996
Cylinder,1.8759500199999999,7.3192894,0.1999996
Cylinder,2.3006507199999997,7.8892907999999995,0.1999996
Cylinder,3.03064926,7.99428932,0.1999996
Cylinder,2.81551888,8.674999159999999,0.1999996
Cylinder,3.54052124,8.534999439999998,0.1999996
Cylinder,3.89052054,9.14999948,0.1999996
Cylinder,3.9005205199999997,7.9199994,0.1999996
Cylinder,4.30125124,8.573289939999999,0.1999996
Cylinder,4.65125054,9.179791139999999,0.1999996
Cylinder,4.65125054,7.96678874,0.1999996
Cylinder,5.00124984,8.573289939999999,0.1999996
Cylinder,5.35124914,9.179791139999999,0.1999996
Cylinder,5.35124914,7.96678874,0.1999996
Cylinder,5.70125098,8.573289939999999,0.1999996
Cylinder,6.05125028,9.179791139999999,0.1999996
Cylinder,6.05125028,7.96678874,0.1999996
Cylinder,6.40124958,8.573289939999999,0.1999996
Cylinder,6.75124888,9.179791139999999,0.1999996
Cylinder,6.75124888,7.96678874,0.1999996
Cylinder,7.10125072,8.573289939999999,0.1999996
Cylinder,7.45125002,7.96678874,0.1999996
Cylinder,6.4775206999999995,9.82700092,0.1999996
Cylinder,6.97651894,10.31999968,0.1999996
Cylinder,7.6655193399999995,10.76999878,0.1999996
Cylinder,7.50551966,11.725000679999999,0.1999996
Cylinder,8.15051964,11.44999996,0.1999996
Cylinder,8.16051962,12.160001079999999,0.1999996
Cylinder,8.85052078,11.88500036,0.1999996
Cylinder,9.05052038,12.560000279999999,0.1999996
Cylinder,9.66051916,12.184999759999998,0.1999996
Cylinder,10.44551886,11.899999059999999,0.1999996
Cylinder,11.420520719999999,11.94999896,0.1999996
Cylinder,11.32551964,11.25000036,0.1999996
Cylinder,11.7305201,10.53999924,0.1999996
Cylinder,11.86051984,9.740000839999999,0.1999996
Cylinder,11.630520299999999,8.94500116,0.1999996
Cylinder,11.195519899999999,8.27000124,0.1999996
Cylinder,10.51052,7.819999599999999,0.1999996
Cylinder,9.70552034,7.669999899999999,0.1999996
Cylinder,8.92052064,7.79500092,0.1999996
Cylinder,8.18051958,8.00999922,0.1999996
Cylinder,7.79052036,8.720000339999999,0.1999996
Cylinder,7.49052096,9.54499996,0.1999996
Cylinder,6.02552008,10.36200112,0.1999996
Cylinder,6.30551952,11.00399882,0.1999996
Cylinder,7.005520659999999,11.020000819999998,0.1999996
Cylinder,6.06051874,11.65999954,0.1999996
Cylinder,6.76552114,11.6799995,0.1999996
Cylinder,11.40834904,12.66039124,0.1999996
Cylinder,10.19534918,12.66039124,0.1999996
Cylinder,10.80185038,13.010390539999998,0.1999996
Cylinder,9.58885052,13.010390539999998,0.1999996
Cylinder,11.40834904,13.36038984,0.1999996
Cylinder,10.19534918,13.36038984,0.1999996
Cylinder,10.80185038,13.710389139999998,0.1999996
Cylinder,9.58885052,13.710389139999998,0.1999996
Cylinder,11.40834904,14.060390979999998,0.1999996
Cylinder,10.19534918,14.060390979999998,0.1999996
Cylinder,10.80185038,14.41039028,0.1999996
Cylinder,9.58885052,14.41039028,0.1999996
Cylinder,11.40834904,14.760389579999998,0.1999996
Cylinder,10.19534918,14.760389579999998,0.1999996
Cylinder,10.80185038,15.11038888,0.1999996
Cylinder,9.58885052,15.11038888,0.1999996
Cylinder,11.40834904,15.46039072,0.1999996
Cylinder,10.19534918,15.46039072,0.1999996
Cylinder,10.80185038,15.810390019999998,0.1999996
Cylinder,9.58885052,15.810390019999998,0.1999996
Cylinder,11.40834904,16.16038932,0.1999996
Cylinder,10.19534918,16.16038932,0.1999996
Cylinder,10.80185038,16.51039116,0.1999996
Cylinder,9.58885052,16.51039116,0.1999996
Cylinder,11.40834904,16.860390459999998,0.1999996
Cylinder,10.19534918,16.860390459999998,0.1999996
Cylinder,10.80185038,17.210389759999998,0.1999996
Cylinder,9.58885052,17.210389759999998,0.1999996
Cylinder,11.40834904,17.56038906,0.1999996
Cylinder,10.19534918,17.56038906,0.1999996
Cylinder,10.80185038,17.9103909,0.1999996
Cylinder,9.58885052,17.9103909,0.1999996
Cylinder,11.40834904,18.2603902,0.1999996
Cylinder,10.19534918,18.2603902,0.1999996
Cylinder,10.80185038,18.610389499999997,0.1999996
Cylinder,9.58885052,18.610389499999997,0.1999996
Cylinder,11.40834904,18.9603888,0.1999996
Cylinder,10.19534918,18.9603888,0.1999996
Cylinder,10.80185038,19.31039064,0.1999996
Cylinder,9.58885052,19.31039064,0.1999996
Cylinder,11.52652,19.754999859999998,0.1999996
Cylinder,10.19534918,19.660389939999998,0.1999996
Cylinder,10.80185038,20.01038924,0.1999996
Cylinder,9.58885052,20.01038924,0.1999996
Cylinder,10.19534918,20.36039108,0.1999996
Cylinder,10.9455204,20.819999,0.1999996
Cylinder,10.2605205,21.22000074,0.1999996
Cylinder,9.51924944,21.23429078,0.1999996
Cylinder,-17.5093503,21.34429056,0.1999996
Cylinder,18.116948779999998,-21.027009,0.1999996
*Layer,Package
Location,0,0
Length,50.04697993880271,67.87829341834555
Thickness,0.5
MeshGenerationType,Solid,Hexa
MeshPath,PackageMesh
NumberofElementinXDirection,20
NumberofElementinYDirection,20
NumberofElementinThickness,3
MaterialID,2
*Material
Material.txt
*End