*Translation,26.15600052,7.32499932,0.3910000000000001
*Rotation,180
*Mirror,False
*IsTop,True
*Layer,SolderJoint
Location,0,0,0.0
Length,3.600e+00,2.800e+00
Thickness,8.000e-02
MisalignmentAngle,0,0.0
SurfaceTension,480.0
Box,-1.550e+00,-1.150e+00,2.500e-01,3.000e-01
Box,-1.075e+00,-1.150e+00,2.500e-01,3.000e-01
Box,-6.000e-01,-1.150e+00,2.500e-01,3.500e-01
Box,-1.250e-01,-1.150e+00,2.500e-01,3.500e-01
Box,3.500e-01,-1.150e+00,2.500e-01,3.500e-01
Box,8.250e-01,-1.150e+00,2.500e-01,3.000e-01
Box,1.300e+00,-1.150e+00,2.500e-01,3.000e-01
Box,1.200e+00,-6.500e-01,3.500e-01,3.000e-01
Box,1.200e+00,-1.500e-01,3.500e-01,3.000e-01
Box,1.200e+00,3.500e-01,3.500e-01,3.000e-01
Box,1.300e+00,8.500e-01,2.500e-01,3.000e-01
Box,8.250e-01,8.500e-01,2.500e-01,3.000e-01
Box,3.500e-01,8.000e-01,2.500e-01,3.500e-01
Box,-1.250e-01,8.000e-01,2.500e-01,3.500e-01
Box,-6.000e-01,8.000e-01,2.500e-01,3.500e-01
Box,-1.075e+00,8.500e-01,2.500e-01,3.000e-01
Box,-1.550e+00,8.500e-01,2.500e-01,3.000e-01
Box,-1.550e+00,3.500e-01,3.500e-01,3.000e-01
Box,-1.550e+00,-1.500e-01,3.500e-01,3.000e-01
Box,-1.550e+00,-6.500e-01,3.500e-01,3.000e-01
Box,-9.500e-01,-5.500e-01,8.000e-01,4.750e-01
Box,1.500e-01,-5.500e-01,8.000e-01,4.750e-01
Box,1.500e-01,7.500e-02,8.000e-01,4.750e-01
Box,-9.500e-01,7.500e-02,8.000e-01,4.750e-01
*Layer,Package
Location,0,0
Thickness,5.000e-01
Length,3.600e+00,2.800e+00
*End