*Layer,SolderJoint
Location,0,0,0
Length,3.20000122,5.19999976
Thickness,0.1
MeshGenerationType,Solid,Tetra
MeshPath,PackageMesh
MeshSizeInPlane,0.1
NumberofElementinThickness,5
MaterialID,1
SurfaceTension,480.0
Box,-1.3199999,2.0874989999999998,0.32250126,0.23249889999999995
Box,-1.3199999,1.6474998799999998,0.3350006,0.22500082
Box,-1.3199999,1.20750076,0.3350006,0.22500082
Box,-1.3199999,0.7674991,0.3350006,0.22500082
Box,-1.3199999,0.32749997999999997,0.3350006,0.22500081999999993
Box,-1.3199999,-0.11249914,0.3350006,0.22500081999999996
Box,-1.3199999,-0.5525008,0.3350006,0.22500082
Box,-1.3199999,-0.99249992,0.3350006,0.22500082
Box,-1.3199999,-1.43249904,0.3350006,0.22500082
Box,-1.3199999,-1.8725006999999998,0.3350006,0.22500082
Box,-1.3199999,-2.32000044,0.32250126,0.23249889999999995
Box,-0.77250036,-2.32000044,0.22500082,0.33500059999999987
Box,-0.33250124,-2.32000044,0.22500081999999996,0.33500059999999987
Box,0.10750041999999999,-2.32000044,0.22500081999999993,0.33500059999999987
Box,0.54749954,-2.32000044,0.22500082,0.33500059999999987
Box,0.99750118,-2.32000044,0.3225012600000001,0.23249889999999995
Box,0.9849993,-1.8725006999999998,0.3350006,0.22500082
Box,0.9849993,-1.43249904,0.3350006,0.22500082
Box,0.9849993,-0.99249992,0.3350006,0.22500082
Box,0.9849993,-0.5525008,0.3350006,0.22500082
Box,0.9849993,-0.11249914,0.3350006,0.22500081999999996
Box,0.9849993,0.32749997999999997,0.3350006,0.22500081999999993
Box,0.9849993,0.7674991,0.3350006,0.22500082
Box,0.9849993,1.20750076,0.3350006,0.22500082
Box,0.9849993,1.6474998799999998,0.3350006,0.22500082
Box,0.99750118,2.0874989999999998,0.3225012600000001,0.23249889999999995
Box,0.54749954,1.98499984,0.22500082,0.33500059999999987
Box,0.10750041999999999,1.98499984,0.22500081999999993,0.33500059999999987
Box,-0.33250124,1.98499984,0.22500081999999996,0.33500059999999987
Box,-0.77250036,1.98499984,0.22500082,0.33500059999999987
Box,-0.7849997,0.6949998799999999,0.7100011199999999,1.09000036
Box,0.07500112,0.6949998799999999,0.7100011199999999,1.09000036
Box,0.07500112,-0.54500018,0.7100011199999999,1.09000036
Box,0.07500112,-1.7850002399999998,0.7100011199999999,1.09000036
Box,-0.7849997,-1.7850002399999998,0.7100011199999999,1.09000036
Box,-0.7849997,-0.54500018,0.7100011199999999,1.09000036
*Layer,Package
Location,0,0
Length,3.20000122,5.19999976
Thickness,0.5
MeshGenerationType,Solid,Hexa
MeshPath,PackageMesh
NumberofElementinXDirection,20
NumberofElementinYDirection,20
NumberofElementinThickness,3
MaterialID,2
*Material
Material.txt
*End