*Translation,21.56499878,16.49499876,0.3910000000000001
*Rotation,180
*Mirror,False
*IsTop,True
*Layer,SolderJoint
Location,0,0,0.0
Length,4.350e+00,2.470e+00
Thickness,8.000e-02
MisalignmentAngle,0,0.0
SurfaceTension,480.0
Box,-1.100e+00,-1.200e+00,2.000e-01,7.100e-01
Box,-1.100e+00,4.900e-01,2.000e-01,7.100e-01
Box,-7.000e-01,-1.200e+00,2.000e-01,7.100e-01
Box,-7.000e-01,4.900e-01,2.000e-01,7.100e-01
Box,-3.000e-01,-1.200e+00,2.000e-01,7.100e-01
Box,-3.000e-01,4.900e-01,2.000e-01,7.100e-01
Box,1.000e-01,-1.200e+00,2.000e-01,7.100e-01
Box,1.000e-01,4.900e-01,2.000e-01,7.100e-01
Box,5.000e-01,-1.200e+00,2.000e-01,7.100e-01
Box,5.000e-01,4.900e-01,2.000e-01,7.100e-01
Box,9.000e-01,-1.200e+00,2.000e-01,7.100e-01
Box,9.000e-01,4.900e-01,2.000e-01,7.100e-01
Box,-2.025e+00,2.700e-01,4.500e-01,6.100e-01
Box,-2.025e+00,-8.800e-01,4.500e-01,6.100e-01
Box,1.575e+00,-8.800e-01,4.500e-01,6.100e-01
Box,1.575e+00,2.700e-01,4.500e-01,6.100e-01
*Layer,Package
Location,0,0
Thickness,5.000e-01
Length,4.350e+00,2.470e+00
*End